All Defaults to Beef Boss
Icon: https://fortnite-api.com/images/cosmetics/br/CID_185_Athena_Commando_M_DurrburgerHero/icon.png
This swap was created by Wslt!
Socials:
https://github.com/CodeWslt
https://galaxyswapperv2.com/Discord
Do not reupload this without permission from Wslt. You can contact me at any of my socials!

----------------------------------------

Search (pakchunk20-WindowsClient.ucas):

00 00 00 00 34 03 00 00 08 00 00 00 00 00 00 00 00 22 00 80 57 05 00 00 48 02 00 00 48 02 00 00 70 02 00 00 00 03 00 00 20 03 00 00 09 00 00 00 AA 01 00 00 00 00 64 C1 00 00 00 00 DA 19 08 98 2C 90 E2 24 EC 8C 8B 40 0B 00 A6 3E 5C 84 C5 29 DF 2A 13 2A 9F DB 75 B7 55 11 11 B0 3E 19 84 84 56 98 AE EF 49 77 72 88 86 14 98 7C 39 2A 35 BA ED A8 A8 7A 16 2A 65 C7 83 C6 1F A4 21 3F C6 3A CB 31 D9 A4 00 44 00 4B 00 64 00 0B 00 26 00 19 00 1B 00 18 00 3A 2F 47 61 6D 65 2F 43 68 61 72 61 63 74 65 72 73 2F 50 6C 61 79 65 72 2F 46 65 6D 61 6C 65 2F 4D 65 64 69 75 6D 2F 42 61 73 65 2F 53 4B 5F 4D 5F 46 65 6D 61 6C 65 5F 42 61 73 65 5F 53 6B 65 6C 65 74 6F 6E 2F 47 61 6D 65 2F 43 68 61 72 61 63 74 65 72 73 2F 50 6C 61 79 65 72 2F 46 65 6D 61 6C 65 2F 4D 65 64 69 75 6D 2F 42 6F 64 69 65 73 2F 46 5F 4D 45 44 5F 50 72 69 6D 65 2F 4D 65 73 68 65 73 2F 46 5F 4D 45 44 5F 50 72 69 6D 65 2F 47 61 6D 65 2F 43 68 61 72 61 63 74 65 72 73 2F 50 6C 61 79 65 72 2F 46 65 6D 61 6C 65 2F 4D 65 64 69 75 6D 2F 42 6F 64 69 65 73 2F 46 5F 4D 45 44 5F 50 72 69 6D 65 2F 4D 65 73 68 65 73 2F 46 5F 4D 45 44 5F 50 72 69 6D 65 5F 53 6B 65 6C 65 74 6F 6E 5F 41 6E 69 6D 42 6C 75 65 70 72 69 6E 74 5F 41 46 5F 4D 45 44 5F 50 72 69 6D 65 46 5F 4D 45 44 5F 50 72 69 6D 65 5F 53 6B 65 6C 65 74 6F 6E 5F 41 6E 69 6D 42 6C 75 65 70 72 69 6E 74 5F 41 5F 43 53 4B 5F 4D 5F 46 65 6D 61 6C 65 5F 42 61 73 65 5F 53 6B 65 6C 65 74 6F 6E 43 75 73 74 6F 6D 43 68 61 72 61 63 74 65 72 42 6F 64 79 50 61 72 74 44 61 74 61 43 50 5F 41 74 68 65 6E 61 5F 42 6F 64 79 5F 46 5F 50 72 69 6D 65 5F 41 2F 47 61 6D 65 2F 41 74 68 65 6E 61 2F 48 65 72 6F 65 73 2F 4D 65 73 68 65 73 2F 42 6F 64 69 65 73 2F 43 50 5F 41 74 68 65 6E 61 5F 42 6F 64 79 5F 46 5F 50 72 69 6D 65 5F 41 00 00 00 00 00 00 00 00 54 7B 85 0C 2D 3A EC 7B 7E A2 42 63 10 83 7A 73 E9 71 0B B6 57 37 B4 79 18 69 40 56 99 65 CF 69 E3 22 58 A5 6D 55 F8 70 57 05 00 00 00 00 00 00 1A 00 00 00 00 00 00 00 06 00 00 00 01 00 00 00 01 00 00 00 00 00 00 00 54 7B 85 0C 2D 3A EC 7B FF FF FF FF FF FF FF FF E9 71 0B B6 57 37 B4 79 00 00 00 00 00 00 00 00 00 00 00 00 00 00 00 00 71 05 00 00 00 00 00 00 40 00 00 00 00 00 00 00 07 00 00 00 00 00 00 00 FF FF FF FF FF FF FF FF 7E A2 42 63 10 83 7A 73 FF FF FF FF FF FF FF FF 18 69 40 56 99 65 CF 69 51 C0 8F BB 72 E2 36 C0 0B 00 00 00 00 00 00 00 01 00 00 00 00 00 00 00 00 00 00 00 00 00 00 00 01 00 00 00 01 00 00 00 00 00 00 00 01 00 00 00 00 00 00 00 00 00 00 00 00 00 00 00 04 00 00 00 00 00 00 00 00 06 09 02 05 04 81 03 01 02 02 01 01 00 00 00 01 00 00 00 00 00 00 00 03 00 00 00 00 00 00 00 00 00 00 00 01 00 00 00 00 00 00 00 00 00 00 00 05 00 00 00 00 00 00 00 00 00 00 00 00 00 00 00 00 03 02 00 00 00 00 00 00 00 04 00 00 00 00 00 00 00 00 00 00 00 00 00 00 00 00 00

Replace:

00 00 00 00 AF 02 00 00 08 00 00 00 00 00 00 00 00 22 00 80 D2 04 00 00 C3 01 00 00 C3 01 00 00 EB 01 00 00 7B 02 00 00 9B 02 00 00 09 00 00 00 25 01 00 00 00 00 64 C1 00 00 00 00 00 00 00 00 00 00 00 00 00 00 00 00 00 00 00 3E 5C 84 C5 29 DF 2A 13 2A 9F DB 75 B7 55 11 11 B0 3E 19 84 84 56 98 AE EF 49 77 72 88 86 14 98 7C 39 2A 35 BA ED A8 A8 7A 16 2A 65 C7 83 C6 1F A4 21 3F C6 3A CB 31 D9 A4 00 0A 00 0C 00 64 00 1F 00 26 00 04 00 1B 00 0D 00 3A 2F 47 61 6D 65 2F 57 73 6C 74 2F 47 61 6D 65 2F 67 69 74 68 75 62 2F 47 61 6D 65 2F 43 68 61 72 61 63 74 65 72 73 2F 50 6C 61 79 65 72 2F 46 65 6D 61 6C 65 2F 4D 65 64 69 75 6D 2F 42 6F 64 69 65 73 2F 46 5F 4D 45 44 5F 50 72 69 6D 65 2F 4D 65 73 68 65 73 2F 46 5F 4D 45 44 5F 50 72 69 6D 65 5F 53 6B 65 6C 65 74 6F 6E 5F 41 6E 69 6D 42 6C 75 65 70 72 69 6E 74 5F 41 63 6F 6D 2F 43 6F 64 65 57 73 6C 74 2F 46 6F 72 74 6E 69 74 65 2D 48 65 78 2D 53 77 61 70 73 46 5F 4D 45 44 5F 50 72 69 6D 65 5F 53 6B 65 6C 65 74 6F 6E 5F 41 6E 69 6D 42 6C 75 65 70 72 69 6E 74 5F 41 5F 43 57 73 6C 74 43 75 73 74 6F 6D 43 68 61 72 61 63 74 65 72 42 6F 64 79 50 61 72 74 44 61 74 61 43 72 65 61 74 65 64 42 79 57 73 6C 74 2F 47 61 6D 65 2F 41 74 68 65 6E 61 2F 48 65 72 6F 65 73 2F 4D 65 73 68 65 73 2F 42 6F 64 69 65 73 2F 43 50 5F 41 74 68 65 6E 61 5F 42 6F 64 79 5F 46 5F 50 72 69 6D 65 5F 41 00 00 00 00 00 00 00 00 54 7B 85 0C 2D 3A EC 7B 7E A2 42 63 10 83 7A 73 E9 71 0B B6 57 37 B4 79 18 69 40 56 99 65 CF 69 E3 22 58 A5 6D 55 F8 70 D2 04 00 00 00 00 00 00 1A 00 00 00 00 00 00 00 06 00 00 00 01 00 00 00 01 00 00 00 00 00 00 00 54 7B 85 0C 2D 3A EC 7B FF FF FF FF FF FF FF FF E9 71 0B B6 57 37 B4 79 00 00 00 00 00 00 00 00 00 00 00 00 00 00 00 00 EC 04 00 00 00 00 00 00 40 00 00 00 00 00 00 00 07 00 00 00 00 00 00 00 FF FF FF FF FF FF FF FF 7E A2 42 63 10 83 7A 73 FF FF FF FF FF FF FF FF 18 69 40 56 99 65 CF 69 51 C0 8F BB 72 E2 36 C0 0B 00 00 00 00 00 00 00 01 00 00 00 00 00 00 00 00 00 00 00 00 00 00 00 01 00 00 00 01 00 00 00 00 00 00 00 01 00 00 00 00 00 00 00 00 00 00 00 00 00 00 00 04 00 00 00 00 00 00 00 00 06 09 02 05 04 81 03 01 02 02 01 01 00 00 00 01 00 00 00 00 00 00 00 03 00 00 00 00 00 00 00 00 00 00 00 01 00 00 00 00 00 00 00 00 00 00 00 05 00 00 00 00 00 00 00 00 00 00 00 00 00 00 00 00 03 02 00 00 00 00 00 00 00 04 00 00 00 00 00 00 00 00 00 00 00 00 00 00 00 00 00 00 00 00 00 00 00 00 00 00 00 00 00 00 00 00 00 00 00 00 00 00 00 00 00 00 00 00 00 00 00 00 00 00 00 00 00 00 00 00 00 00 00 00 00 00 00 00 00 00 00 00 00 00 00 00 00 00 00 00 00 00 00 00 00 00 00 00 00 00 00 00 00 00 00 00 00 00 00 00 00 00 00 00 00 00 00 00 00 00 00 00 00 00 00 00 00 00 00 00 00 00 00 00 00 00 00 00 00 00 00 00 00 00 00 00 00 00 00 00 00 00 00 00 00 00 00 00 00 00 00 00

----------------------------------------

Search (pakchunk10-WindowsClient_s1.ucas):

00 00 00 00 30 03 00 00 08 00 00 00 00 00 00 00 00 22 00 80 53 05 00 00 44 02 00 00 44 02 00 00 6C 02 00 00 FC 02 00 00 1C 03 00 00 09 00 00 00 A6 01 00 00 00 00 64 C1 00 00 00 00 DA 19 08 98 2C 90 E2 24 EC 8C 8B 40 0B 00 A6 3E 60 B4 8C 5A FC 0F 5E C7 9F DB 75 B7 55 11 11 B0 12 93 A6 64 BB 09 C4 98 49 77 72 88 86 14 98 7C 39 2A 35 BA ED A8 A8 7A B3 45 3F 60 FB 56 66 7F 3A B3 DA 1D E9 13 2E CB 00 44 00 4B 00 62 00 0B 00 24 00 19 00 1B 00 18 00 3A 2F 47 61 6D 65 2F 43 68 61 72 61 63 74 65 72 73 2F 50 6C 61 79 65 72 2F 46 65 6D 61 6C 65 2F 4D 65 64 69 75 6D 2F 42 61 73 65 2F 53 4B 5F 4D 5F 46 65 6D 61 6C 65 5F 42 61 73 65 5F 53 6B 65 6C 65 74 6F 6E 2F 47 61 6D 65 2F 43 68 61 72 61 63 74 65 72 73 2F 50 6C 61 79 65 72 2F 46 65 6D 61 6C 65 2F 4D 65 64 69 75 6D 2F 42 6F 64 69 65 73 2F 46 5F 4D 45 44 5F 50 72 69 6D 65 2F 4D 65 73 68 65 73 2F 46 5F 4D 45 44 5F 50 72 69 6D 65 2F 47 61 6D 65 2F 43 68 61 72 61 63 74 65 72 73 2F 50 6C 61 79 65 72 2F 46 65 6D 61 6C 65 2F 4D 65 64 69 75 6D 2F 42 6F 64 69 65 73 2F 46 5F 4D 45 44 5F 50 72 69 6D 65 2F 4D 65 73 68 65 73 2F 46 5F 4D 45 44 5F 50 72 69 6D 65 5F 53 6B 65 6C 65 74 6F 6E 5F 41 6E 69 6D 42 6C 75 65 70 72 69 6E 74 46 5F 4D 45 44 5F 50 72 69 6D 65 46 5F 4D 45 44 5F 50 72 69 6D 65 5F 53 6B 65 6C 65 74 6F 6E 5F 41 6E 69 6D 42 6C 75 65 70 72 69 6E 74 5F 43 53 4B 5F 4D 5F 46 65 6D 61 6C 65 5F 42 61 73 65 5F 53 6B 65 6C 65 74 6F 6E 43 75 73 74 6F 6D 43 68 61 72 61 63 74 65 72 42 6F 64 79 50 61 72 74 44 61 74 61 43 50 5F 41 74 68 65 6E 61 5F 42 6F 64 79 5F 46 5F 50 72 69 6D 65 5F 42 2F 47 61 6D 65 2F 41 74 68 65 6E 61 2F 48 65 72 6F 65 73 2F 4D 65 73 68 65 73 2F 42 6F 64 69 65 73 2F 43 50 5F 41 74 68 65 6E 61 5F 42 6F 64 79 5F 46 5F 50 72 69 6D 65 5F 42 00 00 00 00 00 00 00 00 54 7B 85 0C 2D 3A EC 7B 7E A2 42 63 10 83 7A 73 E9 71 0B B6 57 37 B4 79 18 69 40 56 99 65 CF 69 E3 22 58 A5 6D 55 F8 70 53 05 00 00 00 00 00 00 1A 00 00 00 00 00 00 00 06 00 00 00 01 00 00 00 01 00 00 00 00 00 00 00 54 7B 85 0C 2D 3A EC 7B FF FF FF FF FF FF FF FF E9 71 0B B6 57 37 B4 79 00 00 00 00 00 00 00 00 00 00 00 00 00 00 00 00 6D 05 00 00 00 00 00 00 40 00 00 00 00 00 00 00 07 00 00 00 00 00 00 00 FF FF FF FF FF FF FF FF 7E A2 42 63 10 83 7A 73 FF FF FF FF FF FF FF FF 18 69 40 56 99 65 CF 69 80 DA 44 D0 33 46 E0 B2 0B 00 00 00 00 00 00 00 01 00 00 00 00 00 00 00 00 00 00 00 00 00 00 00 01 00 00 00 01 00 00 00 00 00 00 00 01 00 00 00 00 00 00 00 00 00 00 00 00 00 00 00 04 00 00 00 00 00 00 00 00 06 09 02 05 04 81 03 01 02 02 01 01 00 00 00 01 00 00 00 00 00 00 00 03 00 00 00 00 00 00 00 00 00 00 00 01 00 00 00 00 00 00 00 00 00 00 00 05 00 00 00 00 00 00 00 00 00 00 00 00 00 00 00 00 03 02 00 00 00 00 00 00 00 04 00 00 00 00 00 00 00 00 00 00 00 00 00 00 00 00 00 00 00 30 03

Replace:

00 00 00 00 AB 02 00 00 08 00 00 00 00 00 00 00 00 22 00 80 CE 04 00 00 BF 01 00 00 BF 01 00 00 E7 01 00 00 77 02 00 00 97 02 00 00 09 00 00 00 21 01 00 00 00 00 64 C1 00 00 00 00 00 00 00 00 00 00 00 00 00 00 00 00 00 00 00 3E 60 B4 8C 5A FC 0F 5E C7 9F DB 75 B7 55 11 11 B0 12 93 A6 64 BB 09 C4 98 49 77 72 88 86 14 98 7C 39 2A 35 BA ED A8 A8 7A B3 45 3F 60 FB 56 66 7F 3A B3 DA 1D E9 13 2E CB 00 0A 00 0C 00 62 00 1F 00 24 00 04 00 1B 00 0D 00 3A 2F 47 61 6D 65 2F 57 73 6C 74 2F 47 61 6D 65 2F 67 69 74 68 75 62 2F 47 61 6D 65 2F 43 68 61 72 61 63 74 65 72 73 2F 50 6C 61 79 65 72 2F 46 65 6D 61 6C 65 2F 4D 65 64 69 75 6D 2F 42 6F 64 69 65 73 2F 46 5F 4D 45 44 5F 50 72 69 6D 65 2F 4D 65 73 68 65 73 2F 46 5F 4D 45 44 5F 50 72 69 6D 65 5F 53 6B 65 6C 65 74 6F 6E 5F 41 6E 69 6D 42 6C 75 65 70 72 69 6E 74 63 6F 6D 2F 43 6F 64 65 57 73 6C 74 2F 46 6F 72 74 6E 69 74 65 2D 48 65 78 2D 53 77 61 70 73 46 5F 4D 45 44 5F 50 72 69 6D 65 5F 53 6B 65 6C 65 74 6F 6E 5F 41 6E 69 6D 42 6C 75 65 70 72 69 6E 74 5F 43 57 73 6C 74 43 75 73 74 6F 6D 43 68 61 72 61 63 74 65 72 42 6F 64 79 50 61 72 74 44 61 74 61 43 72 65 61 74 65 64 42 79 57 73 6C 74 2F 47 61 6D 65 2F 41 74 68 65 6E 61 2F 48 65 72 6F 65 73 2F 4D 65 73 68 65 73 2F 42 6F 64 69 65 73 2F 43 50 5F 41 74 68 65 6E 61 5F 42 6F 64 79 5F 46 5F 50 72 69 6D 65 5F 42 00 00 00 00 00 00 00 00 54 7B 85 0C 2D 3A EC 7B 7E A2 42 63 10 83 7A 73 E9 71 0B B6 57 37 B4 79 18 69 40 56 99 65 CF 69 E3 22 58 A5 6D 55 F8 70 CE 04 00 00 00 00 00 00 1A 00 00 00 00 00 00 00 06 00 00 00 01 00 00 00 01 00 00 00 00 00 00 00 54 7B 85 0C 2D 3A EC 7B FF FF FF FF FF FF FF FF E9 71 0B B6 57 37 B4 79 00 00 00 00 00 00 00 00 00 00 00 00 00 00 00 00 E8 04 00 00 00 00 00 00 40 00 00 00 00 00 00 00 07 00 00 00 00 00 00 00 FF FF FF FF FF FF FF FF 7E A2 42 63 10 83 7A 73 FF FF FF FF FF FF FF FF 18 69 40 56 99 65 CF 69 80 DA 44 D0 33 46 E0 B2 0B 00 00 00 00 00 00 00 01 00 00 00 00 00 00 00 00 00 00 00 00 00 00 00 01 00 00 00 01 00 00 00 00 00 00 00 01 00 00 00 00 00 00 00 00 00 00 00 00 00 00 00 04 00 00 00 00 00 00 00 00 06 09 02 05 04 81 03 01 02 02 01 01 00 00 00 01 00 00 00 00 00 00 00 03 00 00 00 00 00 00 00 00 00 00 00 01 00 00 00 00 00 00 00 00 00 00 00 05 00 00 00 00 00 00 00 00 00 00 00 00 00 00 00 00 03 02 00 00 00 00 00 00 00 04 00 00 00 00 00 00 00 00 00 00 00 00 00 00 00 00 00 00 00 00 00 00 00 00 00 00 00 00 00 00 00 00 00 00 00 00 00 00 00 00 00 00 00 00 00 00 00 00 00 00 00 00 00 00 00 00 00 00 00 00 00 00 00 00 00 00 00 00 00 00 00 00 00 00 00 00 00 00 00 00 00 00 00 00 00 00 00 00 00 00 00 00 00 00 00 00 00 00 00 00 00 00 00 00 00 00 00 00 00 00 00 00 00 00 00 00 00 00 00 00 00 00 00 00 00 00 00 00 00 00 00 00 00 00 00 00 00 00 00 00 00 00 00 00 00 00 00 00

----------------------------------------

Search (pakchunk10-WindowsClient_s1.ucas):

00 00 00 00 30 03 00 00 08 00 00 00 00 00 00 00 00 22 00 80 53 05 00 00 44 02 00 00 44 02 00 00 6C 02 00 00 FC 02 00 00 1C 03 00 00 09 00 00 00 A6 01 00 00 00 00 64 C1 00 00 00 00 DA 19 08 98 2C 90 E2 24 EC 8C 8B 40 0B 00 A6 3E 60 B4 8C 5A FC 0F 5E C7 9F DB 75 B7 55 11 11 B0 12 93 A6 64 BB 09 C4 98 49 77 72 88 86 14 98 7C 39 2A 35 BA ED A8 A8 7A 52 15 80 73 FC 07 28 F7 16 32 68 1C D3 2F F1 50 00 44 00 4B 00 62 00 0B 00 24 00 19 00 1B 00 18 00 3A 2F 47 61 6D 65 2F 43 68 61 72 61 63 74 65 72 73 2F 50 6C 61 79 65 72 2F 46 65 6D 61 6C 65 2F 4D 65 64 69 75 6D 2F 42 61 73 65 2F 53 4B 5F 4D 5F 46 65 6D 61 6C 65 5F 42 61 73 65 5F 53 6B 65 6C 65 74 6F 6E 2F 47 61 6D 65 2F 43 68 61 72 61 63 74 65 72 73 2F 50 6C 61 79 65 72 2F 46 65 6D 61 6C 65 2F 4D 65 64 69 75 6D 2F 42 6F 64 69 65 73 2F 46 5F 4D 45 44 5F 50 72 69 6D 65 2F 4D 65 73 68 65 73 2F 46 5F 4D 45 44 5F 50 72 69 6D 65 2F 47 61 6D 65 2F 43 68 61 72 61 63 74 65 72 73 2F 50 6C 61 79 65 72 2F 46 65 6D 61 6C 65 2F 4D 65 64 69 75 6D 2F 42 6F 64 69 65 73 2F 46 5F 4D 45 44 5F 50 72 69 6D 65 2F 4D 65 73 68 65 73 2F 46 5F 4D 45 44 5F 50 72 69 6D 65 5F 53 6B 65 6C 65 74 6F 6E 5F 41 6E 69 6D 42 6C 75 65 70 72 69 6E 74 46 5F 4D 45 44 5F 50 72 69 6D 65 46 5F 4D 45 44 5F 50 72 69 6D 65 5F 53 6B 65 6C 65 74 6F 6E 5F 41 6E 69 6D 42 6C 75 65 70 72 69 6E 74 5F 43 53 4B 5F 4D 5F 46 65 6D 61 6C 65 5F 42 61 73 65 5F 53 6B 65 6C 65 74 6F 6E 43 75 73 74 6F 6D 43 68 61 72 61 63 74 65 72 42 6F 64 79 50 61 72 74 44 61 74 61 43 50 5F 41 74 68 65 6E 61 5F 42 6F 64 79 5F 46 5F 50 72 69 6D 65 5F 43 2F 47 61 6D 65 2F 41 74 68 65 6E 61 2F 48 65 72 6F 65 73 2F 4D 65 73 68 65 73 2F 42 6F 64 69 65 73 2F 43 50 5F 41 74 68 65 6E 61 5F 42 6F 64 79 5F 46 5F 50 72 69 6D 65 5F 43 00 00 00 00 00 00 00 00 54 7B 85 0C 2D 3A EC 7B 7E A2 42 63 10 83 7A 73 E9 71 0B B6 57 37 B4 79 18 69 40 56 99 65 CF 69 E3 22 58 A5 6D 55 F8 70 53 05 00 00 00 00 00 00 1A 00 00 00 00 00 00 00 06 00 00 00 01 00 00 00 01 00 00 00 00 00 00 00 54 7B 85 0C 2D 3A EC 7B FF FF FF FF FF FF FF FF E9 71 0B B6 57 37 B4 79 00 00 00 00 00 00 00 00 00 00 00 00 00 00 00 00 6D 05 00 00 00 00 00 00 40 00 00 00 00 00 00 00 07 00 00 00 00 00 00 00 FF FF FF FF FF FF FF FF 7E A2 42 63 10 83 7A 73 FF FF FF FF FF FF FF FF 18 69 40 56 99 65 CF 69 71 17 4A A2 35 CC 76 E6 0B 00 00 00 00 00 00 00 01 00 00 00 00 00 00 00 00 00 00 00 00 00 00 00 01 00 00 00 01 00 00 00 00 00 00 00 01 00 00 00 00 00 00 00 00 00 00 00 00 00 00 00 04 00 00 00 00 00 00 00 00 06 09 02 05 04 81 03 01 02 02 01 01 00 00 00 01 00 00 00 00 00 00 00 03 00 00 00 00 00 00 00 00 00 00 00 01 00 00 00 00 00 00 00 00 00 00 00 05 00 00 00 00 00 00 00 00 00 00 00 00 00 00 00 00 03 02 00 00 00 00 00 00 00 04 00 00 00 00 00 00 00 00 00 00 00 00 00 00 00 00 00 00 00 30 03

Replace:

00 00 00 00 AB 02 00 00 08 00 00 00 00 00 00 00 00 22 00 80 CE 04 00 00 BF 01 00 00 BF 01 00 00 E7 01 00 00 77 02 00 00 97 02 00 00 09 00 00 00 21 01 00 00 00 00 64 C1 00 00 00 00 00 00 00 00 00 00 00 00 00 00 00 00 00 00 00 3E 60 B4 8C 5A FC 0F 5E C7 9F DB 75 B7 55 11 11 B0 12 93 A6 64 BB 09 C4 98 49 77 72 88 86 14 98 7C 39 2A 35 BA ED A8 A8 7A 52 15 80 73 FC 07 28 F7 16 32 68 1C D3 2F F1 50 00 0A 00 0C 00 62 00 1F 00 24 00 04 00 1B 00 0D 00 3A 2F 47 61 6D 65 2F 57 73 6C 74 2F 47 61 6D 65 2F 67 69 74 68 75 62 2F 47 61 6D 65 2F 43 68 61 72 61 63 74 65 72 73 2F 50 6C 61 79 65 72 2F 46 65 6D 61 6C 65 2F 4D 65 64 69 75 6D 2F 42 6F 64 69 65 73 2F 46 5F 4D 45 44 5F 50 72 69 6D 65 2F 4D 65 73 68 65 73 2F 46 5F 4D 45 44 5F 50 72 69 6D 65 5F 53 6B 65 6C 65 74 6F 6E 5F 41 6E 69 6D 42 6C 75 65 70 72 69 6E 74 63 6F 6D 2F 43 6F 64 65 57 73 6C 74 2F 46 6F 72 74 6E 69 74 65 2D 48 65 78 2D 53 77 61 70 73 46 5F 4D 45 44 5F 50 72 69 6D 65 5F 53 6B 65 6C 65 74 6F 6E 5F 41 6E 69 6D 42 6C 75 65 70 72 69 6E 74 5F 43 57 73 6C 74 43 75 73 74 6F 6D 43 68 61 72 61 63 74 65 72 42 6F 64 79 50 61 72 74 44 61 74 61 43 72 65 61 74 65 64 42 79 57 73 6C 74 2F 47 61 6D 65 2F 41 74 68 65 6E 61 2F 48 65 72 6F 65 73 2F 4D 65 73 68 65 73 2F 42 6F 64 69 65 73 2F 43 50 5F 41 74 68 65 6E 61 5F 42 6F 64 79 5F 46 5F 50 72 69 6D 65 5F 43 00 00 00 00 00 00 00 00 54 7B 85 0C 2D 3A EC 7B 7E A2 42 63 10 83 7A 73 E9 71 0B B6 57 37 B4 79 18 69 40 56 99 65 CF 69 E3 22 58 A5 6D 55 F8 70 CE 04 00 00 00 00 00 00 1A 00 00 00 00 00 00 00 06 00 00 00 01 00 00 00 01 00 00 00 00 00 00 00 54 7B 85 0C 2D 3A EC 7B FF FF FF FF FF FF FF FF E9 71 0B B6 57 37 B4 79 00 00 00 00 00 00 00 00 00 00 00 00 00 00 00 00 E8 04 00 00 00 00 00 00 40 00 00 00 00 00 00 00 07 00 00 00 00 00 00 00 FF FF FF FF FF FF FF FF 7E A2 42 63 10 83 7A 73 FF FF FF FF FF FF FF FF 18 69 40 56 99 65 CF 69 71 17 4A A2 35 CC 76 E6 0B 00 00 00 00 00 00 00 01 00 00 00 00 00 00 00 00 00 00 00 00 00 00 00 01 00 00 00 01 00 00 00 00 00 00 00 01 00 00 00 00 00 00 00 00 00 00 00 00 00 00 00 04 00 00 00 00 00 00 00 00 06 09 02 05 04 81 03 01 02 02 01 01 00 00 00 01 00 00 00 00 00 00 00 03 00 00 00 00 00 00 00 00 00 00 00 01 00 00 00 00 00 00 00 00 00 00 00 05 00 00 00 00 00 00 00 00 00 00 00 00 00 00 00 00 03 02 00 00 00 00 00 00 00 04 00 00 00 00 00 00 00 00 00 00 00 00 00 00 00 00 00 00 00 00 00 00 00 00 00 00 00 00 00 00 00 00 00 00 00 00 00 00 00 00 00 00 00 00 00 00 00 00 00 00 00 00 00 00 00 00 00 00 00 00 00 00 00 00 00 00 00 00 00 00 00 00 00 00 00 00 00 00 00 00 00 00 00 00 00 00 00 00 00 00 00 00 00 00 00 00 00 00 00 00 00 00 00 00 00 00 00 00 00 00 00 00 00 00 00 00 00 00 00 00 00 00 00 00 00 00 00 00 00 00 00 00 00 00 00 00 00 00 00 00 00 00 00 00 00 00 00 00

----------------------------------------

Search (pakchunk10-WindowsClient_s1.ucas):

00 00 00 00 2C 03 00 00 08 00 00 00 00 00 00 00 00 22 00 80 4D 05 00 00 40 02 00 00 40 02 00 00 68 02 00 00 F8 02 00 00 18 03 00 00 09 00 00 00 A2 01 00 00 00 00 64 C1 00 00 00 00 DA 19 08 98 2C 90 E2 24 EC 8C 8B 40 0B 00 A6 3E 60 B4 8C 5A FC 0F 5E C7 9F DB 75 B7 55 11 11 B0 12 93 A6 64 BB 09 C4 98 49 77 72 88 86 14 98 7C 39 2A 35 BA ED A8 A8 7A 1C 56 B5 D9 CC A4 78 3F F4 46 4C D6 06 3A 91 1D 00 44 00 4B 00 62 00 0B 00 24 00 19 00 1B 00 16 00 38 2F 47 61 6D 65 2F 43 68 61 72 61 63 74 65 72 73 2F 50 6C 61 79 65 72 2F 46 65 6D 61 6C 65 2F 4D 65 64 69 75 6D 2F 42 61 73 65 2F 53 4B 5F 4D 5F 46 65 6D 61 6C 65 5F 42 61 73 65 5F 53 6B 65 6C 65 74 6F 6E 2F 47 61 6D 65 2F 43 68 61 72 61 63 74 65 72 73 2F 50 6C 61 79 65 72 2F 46 65 6D 61 6C 65 2F 4D 65 64 69 75 6D 2F 42 6F 64 69 65 73 2F 46 5F 4D 45 44 5F 50 72 69 6D 65 2F 4D 65 73 68 65 73 2F 46 5F 4D 45 44 5F 50 72 69 6D 65 2F 47 61 6D 65 2F 43 68 61 72 61 63 74 65 72 73 2F 50 6C 61 79 65 72 2F 46 65 6D 61 6C 65 2F 4D 65 64 69 75 6D 2F 42 6F 64 69 65 73 2F 46 5F 4D 45 44 5F 50 72 69 6D 65 2F 4D 65 73 68 65 73 2F 46 5F 4D 45 44 5F 50 72 69 6D 65 5F 53 6B 65 6C 65 74 6F 6E 5F 41 6E 69 6D 42 6C 75 65 70 72 69 6E 74 46 5F 4D 45 44 5F 50 72 69 6D 65 46 5F 4D 45 44 5F 50 72 69 6D 65 5F 53 6B 65 6C 65 74 6F 6E 5F 41 6E 69 6D 42 6C 75 65 70 72 69 6E 74 5F 43 53 4B 5F 4D 5F 46 65 6D 61 6C 65 5F 42 61 73 65 5F 53 6B 65 6C 65 74 6F 6E 43 75 73 74 6F 6D 43 68 61 72 61 63 74 65 72 42 6F 64 79 50 61 72 74 44 61 74 61 43 50 5F 41 74 68 65 6E 61 5F 42 6F 64 79 5F 46 5F 50 72 69 6D 65 2F 47 61 6D 65 2F 41 74 68 65 6E 61 2F 48 65 72 6F 65 73 2F 4D 65 73 68 65 73 2F 42 6F 64 69 65 73 2F 43 50 5F 41 74 68 65 6E 61 5F 42 6F 64 79 5F 46 5F 50 72 69 6D 65 00 00 00 00 00 00 00 00 54 7B 85 0C 2D 3A EC 7B 7E A2 42 63 10 83 7A 73 E9 71 0B B6 57 37 B4 79 18 69 40 56 99 65 CF 69 E3 22 58 A5 6D 55 F8 70 4D 05 00 00 00 00 00 00 1A 00 00 00 00 00 00 00 06 00 00 00 01 00 00 00 01 00 00 00 00 00 00 00 54 7B 85 0C 2D 3A EC 7B FF FF FF FF FF FF FF FF E9 71 0B B6 57 37 B4 79 00 00 00 00 00 00 00 00 00 00 00 00 00 00 00 00 67 05 00 00 00 00 00 00 3D 00 00 00 00 00 00 00 07 00 00 00 00 00 00 00 FF FF FF FF FF FF FF FF 7E A2 42 63 10 83 7A 73 FF FF FF FF FF FF FF FF 18 69 40 56 99 65 CF 69 86 45 95 25 FC F9 93 21 0B 00 00 00 00 00 00 00 01 00 00 00 00 00 00 00 00 00 00 00 00 00 00 00 01 00 00 00 01 00 00 00 00 00 00 00 01 00 00 00 00 00 00 00 00 00 00 00 00 00 00 00 04 00 00 00 00 00 00 00 00 06 09 02 05 05 02 02 01 01 00 00 00 01 00 00 00 00 00 00 00 03 00 00 00 00 00 00 00 00 00 00 00 01 00 00 00 00 00 00 00 00 00 00 00 05 00 00 00 00 00 00 00 00 00 00 00 00 00 00 00 00 03 02 00 00 00 00 00 00 00 04 00 00 00 00 00 00 00 00 00 00 00 00 00 00 00 00 00 00 00 2C 03 00 00 08 00 00 00 00

Replace:

00 00 00 00 A9 02 00 00 08 00 00 00 00 00 00 00 00 22 00 80 CA 04 00 00 BD 01 00 00 BD 01 00 00 E5 01 00 00 75 02 00 00 95 02 00 00 09 00 00 00 1F 01 00 00 00 00 64 C1 00 00 00 00 00 00 00 00 00 00 00 00 00 00 00 00 00 00 00 3E 60 B4 8C 5A FC 0F 5E C7 9F DB 75 B7 55 11 11 B0 12 93 A6 64 BB 09 C4 98 49 77 72 88 86 14 98 7C 39 2A 35 BA ED A8 A8 7A 1C 56 B5 D9 CC A4 78 3F F4 46 4C D6 06 3A 91 1D 00 0A 00 0C 00 62 00 1F 00 24 00 04 00 1B 00 0D 00 38 2F 47 61 6D 65 2F 57 73 6C 74 2F 47 61 6D 65 2F 67 69 74 68 75 62 2F 47 61 6D 65 2F 43 68 61 72 61 63 74 65 72 73 2F 50 6C 61 79 65 72 2F 46 65 6D 61 6C 65 2F 4D 65 64 69 75 6D 2F 42 6F 64 69 65 73 2F 46 5F 4D 45 44 5F 50 72 69 6D 65 2F 4D 65 73 68 65 73 2F 46 5F 4D 45 44 5F 50 72 69 6D 65 5F 53 6B 65 6C 65 74 6F 6E 5F 41 6E 69 6D 42 6C 75 65 70 72 69 6E 74 63 6F 6D 2F 43 6F 64 65 57 73 6C 74 2F 46 6F 72 74 6E 69 74 65 2D 48 65 78 2D 53 77 61 70 73 46 5F 4D 45 44 5F 50 72 69 6D 65 5F 53 6B 65 6C 65 74 6F 6E 5F 41 6E 69 6D 42 6C 75 65 70 72 69 6E 74 5F 43 57 73 6C 74 43 75 73 74 6F 6D 43 68 61 72 61 63 74 65 72 42 6F 64 79 50 61 72 74 44 61 74 61 43 72 65 61 74 65 64 42 79 57 73 6C 74 2F 47 61 6D 65 2F 41 74 68 65 6E 61 2F 48 65 72 6F 65 73 2F 4D 65 73 68 65 73 2F 42 6F 64 69 65 73 2F 43 50 5F 41 74 68 65 6E 61 5F 42 6F 64 79 5F 46 5F 50 72 69 6D 65 00 00 00 00 00 00 00 00 54 7B 85 0C 2D 3A EC 7B 7E A2 42 63 10 83 7A 73 E9 71 0B B6 57 37 B4 79 18 69 40 56 99 65 CF 69 E3 22 58 A5 6D 55 F8 70 CA 04 00 00 00 00 00 00 1A 00 00 00 00 00 00 00 06 00 00 00 01 00 00 00 01 00 00 00 00 00 00 00 54 7B 85 0C 2D 3A EC 7B FF FF FF FF FF FF FF FF E9 71 0B B6 57 37 B4 79 00 00 00 00 00 00 00 00 00 00 00 00 00 00 00 00 E4 04 00 00 00 00 00 00 3D 00 00 00 00 00 00 00 07 00 00 00 00 00 00 00 FF FF FF FF FF FF FF FF 7E A2 42 63 10 83 7A 73 FF FF FF FF FF FF FF FF 18 69 40 56 99 65 CF 69 86 45 95 25 FC F9 93 21 0B 00 00 00 00 00 00 00 01 00 00 00 00 00 00 00 00 00 00 00 00 00 00 00 01 00 00 00 01 00 00 00 00 00 00 00 01 00 00 00 00 00 00 00 00 00 00 00 00 00 00 00 04 00 00 00 00 00 00 00 00 06 09 02 05 05 02 02 01 01 00 00 00 01 00 00 00 00 00 00 00 03 00 00 00 00 00 00 00 00 00 00 00 01 00 00 00 00 00 00 00 00 00 00 00 05 00 00 00 00 00 00 00 00 00 00 00 00 00 00 00 00 03 02 00 00 00 00 00 00 00 04 00 00 00 00 00 00 00 00 00 00 00 00 00 00 00 00 00 00 00 00 00 00 00 00 00 00 00 00 00 00 00 00 00 00 00 00 00 00 00 00 00 00 00 00 00 00 00 00 00 00 00 00 00 00 00 00 00 00 00 00 00 00 00 00 00 00 00 00 00 00 00 00 00 00 00 00 00 00 00 00 00 00 00 00 00 00 00 00 00 00 00 00 00 00 00 00 00 00 00 00 00 00 00 00 00 00 00 00 00 00 00 00 00 00 00 00 00 00 00 00 00 00 00 00 00 00 00 00 00 00 00 00 00 00 00 00 00 00 00 00 00 00 00 00 00 00

----------------------------------------

Search (pakchunk10-WindowsClient_s1.ucas):

00 00 00 00 34 03 00 00 08 00 00 00 00 00 00 00 00 22 00 80 57 05 00 00 48 02 00 00 48 02 00 00 70 02 00 00 00 03 00 00 20 03 00 00 09 00 00 00 AA 01 00 00 00 00 64 C1 00 00 00 00 DA 19 08 98 2C 90 E2 24 EC 8C 8B 40 0B 00 A6 3E 9A 8A A4 44 E3 CF 5D DB 9F DB 75 B7 55 11 11 B0 D8 9C 33 81 1D 04 A0 98 49 77 72 88 86 14 98 7C 39 2A 35 BA ED A8 A8 7A 80 39 1C 5A 03 96 25 B9 DF 79 79 DE DA 64 4D 9B 00 44 00 4B 00 64 00 0B 00 26 00 19 00 1B 00 18 00 3A 2F 47 61 6D 65 2F 43 68 61 72 61 63 74 65 72 73 2F 50 6C 61 79 65 72 2F 46 65 6D 61 6C 65 2F 4D 65 64 69 75 6D 2F 42 61 73 65 2F 53 4B 5F 4D 5F 46 65 6D 61 6C 65 5F 42 61 73 65 5F 53 6B 65 6C 65 74 6F 6E 2F 47 61 6D 65 2F 43 68 61 72 61 63 74 65 72 73 2F 50 6C 61 79 65 72 2F 46 65 6D 61 6C 65 2F 4D 65 64 69 75 6D 2F 42 6F 64 69 65 73 2F 46 5F 4D 45 44 5F 50 72 69 6D 65 2F 4D 65 73 68 65 73 2F 46 5F 4D 45 44 5F 50 72 69 6D 65 2F 47 61 6D 65 2F 43 68 61 72 61 63 74 65 72 73 2F 50 6C 61 79 65 72 2F 46 65 6D 61 6C 65 2F 4D 65 64 69 75 6D 2F 42 6F 64 69 65 73 2F 46 5F 4D 45 44 5F 50 72 69 6D 65 2F 4D 65 73 68 65 73 2F 46 5F 4D 45 44 5F 50 72 69 6D 65 5F 53 6B 65 6C 65 74 6F 6E 5F 41 6E 69 6D 42 6C 75 65 70 72 69 6E 74 5F 45 46 5F 4D 45 44 5F 50 72 69 6D 65 46 5F 4D 45 44 5F 50 72 69 6D 65 5F 53 6B 65 6C 65 74 6F 6E 5F 41 6E 69 6D 42 6C 75 65 70 72 69 6E 74 5F 45 5F 43 53 4B 5F 4D 5F 46 65 6D 61 6C 65 5F 42 61 73 65 5F 53 6B 65 6C 65 74 6F 6E 43 75 73 74 6F 6D 43 68 61 72 61 63 74 65 72 42 6F 64 79 50 61 72 74 44 61 74 61 43 50 5F 41 74 68 65 6E 61 5F 42 6F 64 79 5F 46 5F 50 72 69 6D 65 5F 45 2F 47 61 6D 65 2F 41 74 68 65 6E 61 2F 48 65 72 6F 65 73 2F 4D 65 73 68 65 73 2F 42 6F 64 69 65 73 2F 43 50 5F 41 74 68 65 6E 61 5F 42 6F 64 79 5F 46 5F 50 72 69 6D 65 5F 45 00 00 00 00 00 00 00 00 54 7B 85 0C 2D 3A EC 7B 7E A2 42 63 10 83 7A 73 E9 71 0B B6 57 37 B4 79 18 69 40 56 99 65 CF 69 E3 22 58 A5 6D 55 F8 70 57 05 00 00 00 00 00 00 1A 00 00 00 00 00 00 00 06 00 00 00 01 00 00 00 01 00 00 00 00 00 00 00 54 7B 85 0C 2D 3A EC 7B FF FF FF FF FF FF FF FF E9 71 0B B6 57 37 B4 79 00 00 00 00 00 00 00 00 00 00 00 00 00 00 00 00 71 05 00 00 00 00 00 00 40 00 00 00 00 00 00 00 07 00 00 00 00 00 00 00 FF FF FF FF FF FF FF FF 7E A2 42 63 10 83 7A 73 FF FF FF FF FF FF FF FF 18 69 40 56 99 65 CF 69 B9 A5 B9 53 80 8C 46 52 0B 00 00 00 00 00 00 00 01 00 00 00 00 00 00 00 00 00 00 00 00 00 00 00 01 00 00 00 01 00 00 00 00 00 00 00 01 00 00 00 00 00 00 00 00 00 00 00 00 00 00 00 04 00 00 00 00 00 00 00 00 06 09 02 05 04 81 03 01 02 02 01 01 00 00 00 01 00 00 00 00 00 00 00 03 00 00 00 00 00 00 00 00 00 00 00 01 00 00 00 00 00 00 00 00 00 00 00 05 00 00 00 00 00 00 00 00 00 00 00 00 00 00 00 00 03 02 00 00 00 00 00 00 00 04 00 00 00 00 00 00 00 00 00 00 00 00 00 00 00 00 00

Replace:

00 00 00 00 AF 02 00 00 08 00 00 00 00 00 00 00 00 22 00 80 D2 04 00 00 C3 01 00 00 C3 01 00 00 EB 01 00 00 7B 02 00 00 9B 02 00 00 09 00 00 00 25 01 00 00 00 00 64 C1 00 00 00 00 00 00 00 00 00 00 00 00 00 00 00 00 00 00 00 3E 9A 8A A4 44 E3 CF 5D DB 9F DB 75 B7 55 11 11 B0 D8 9C 33 81 1D 04 A0 98 49 77 72 88 86 14 98 7C 39 2A 35 BA ED A8 A8 7A 80 39 1C 5A 03 96 25 B9 DF 79 79 DE DA 64 4D 9B 00 0A 00 0C 00 64 00 1F 00 26 00 04 00 1B 00 0D 00 3A 2F 47 61 6D 65 2F 57 73 6C 74 2F 47 61 6D 65 2F 67 69 74 68 75 62 2F 47 61 6D 65 2F 43 68 61 72 61 63 74 65 72 73 2F 50 6C 61 79 65 72 2F 46 65 6D 61 6C 65 2F 4D 65 64 69 75 6D 2F 42 6F 64 69 65 73 2F 46 5F 4D 45 44 5F 50 72 69 6D 65 2F 4D 65 73 68 65 73 2F 46 5F 4D 45 44 5F 50 72 69 6D 65 5F 53 6B 65 6C 65 74 6F 6E 5F 41 6E 69 6D 42 6C 75 65 70 72 69 6E 74 5F 45 63 6F 6D 2F 43 6F 64 65 57 73 6C 74 2F 46 6F 72 74 6E 69 74 65 2D 48 65 78 2D 53 77 61 70 73 46 5F 4D 45 44 5F 50 72 69 6D 65 5F 53 6B 65 6C 65 74 6F 6E 5F 41 6E 69 6D 42 6C 75 65 70 72 69 6E 74 5F 45 5F 43 57 73 6C 74 43 75 73 74 6F 6D 43 68 61 72 61 63 74 65 72 42 6F 64 79 50 61 72 74 44 61 74 61 43 72 65 61 74 65 64 42 79 57 73 6C 74 2F 47 61 6D 65 2F 41 74 68 65 6E 61 2F 48 65 72 6F 65 73 2F 4D 65 73 68 65 73 2F 42 6F 64 69 65 73 2F 43 50 5F 41 74 68 65 6E 61 5F 42 6F 64 79 5F 46 5F 50 72 69 6D 65 5F 45 00 00 00 00 00 00 00 00 54 7B 85 0C 2D 3A EC 7B 7E A2 42 63 10 83 7A 73 E9 71 0B B6 57 37 B4 79 18 69 40 56 99 65 CF 69 E3 22 58 A5 6D 55 F8 70 D2 04 00 00 00 00 00 00 1A 00 00 00 00 00 00 00 06 00 00 00 01 00 00 00 01 00 00 00 00 00 00 00 54 7B 85 0C 2D 3A EC 7B FF FF FF FF FF FF FF FF E9 71 0B B6 57 37 B4 79 00 00 00 00 00 00 00 00 00 00 00 00 00 00 00 00 EC 04 00 00 00 00 00 00 40 00 00 00 00 00 00 00 07 00 00 00 00 00 00 00 FF FF FF FF FF FF FF FF 7E A2 42 63 10 83 7A 73 FF FF FF FF FF FF FF FF 18 69 40 56 99 65 CF 69 B9 A5 B9 53 80 8C 46 52 0B 00 00 00 00 00 00 00 01 00 00 00 00 00 00 00 00 00 00 00 00 00 00 00 01 00 00 00 01 00 00 00 00 00 00 00 01 00 00 00 00 00 00 00 00 00 00 00 00 00 00 00 04 00 00 00 00 00 00 00 00 06 09 02 05 04 81 03 01 02 02 01 01 00 00 00 01 00 00 00 00 00 00 00 03 00 00 00 00 00 00 00 00 00 00 00 01 00 00 00 00 00 00 00 00 00 00 00 05 00 00 00 00 00 00 00 00 00 00 00 00 00 00 00 00 03 02 00 00 00 00 00 00 00 04 00 00 00 00 00 00 00 00 00 00 00 00 00 00 00 00 00 00 00 00 00 00 00 00 00 00 00 00 00 00 00 00 00 00 00 00 00 00 00 00 00 00 00 00 00 00 00 00 00 00 00 00 00 00 00 00 00 00 00 00 00 00 00 00 00 00 00 00 00 00 00 00 00 00 00 00 00 00 00 00 00 00 00 00 00 00 00 00 00 00 00 00 00 00 00 00 00 00 00 00 00 00 00 00 00 00 00 00 00 00 00 00 00 00 00 00 00 00 00 00 00 00 00 00 00 00 00 00 00 00 00 00 00 00 00 00 00 00 00 00 00 00 00 00 00 00 00 00

----------------------------------------

Search (pakchunk10-WindowsClient_s1.ucas):

8C 02 02 47 FA 00 00 00 00 C5 03 00 00 0A 00 99 F9 22 00 80 E6 05 00 00 D9 02 94 0F 03 01 03 00 00 91 03 00 00 B1 03 00 00 0B 00 00 00 27 02 29 00 02 64 C1 2F 00 2F 8F DA 19 08 98 2C 90 E2 24 EC 8C 8B 40 0B 00 A6 3E 60 B4 8C 5A FC 0F 5E C7 4D C5 01 40 C1 AA 0F 5A 9F DB 75 B7 55 11 11 B0 C7 55 F2 4A CD 4A 62 49 12 93 A6 64 BB 09 C4 98 49 77 72 88 86 14 98 7C 39 2A 35 BA ED A8 A8 7A E6 7F A4 3C 09 2F 86 A2 21 21 46 6F 35 30 B8 72 00 44 00 4B 00 62 00 6D 00 0B 00 14 00 24 00 19 00 1B 00 18 00 3A 2F 47 61 6D 65 2F 43 68 61 72 61 63 74 65 72 73 2F 50 6C 61 79 65 72 2F 46 65 6D 61 6C 65 2F 4D 65 64 69 75 6D 2F 42 61 73 65 2F 53 4B 5F 4D 5F 18 00 FE 5F 42 61 73 65 5F 53 6B 65 6C 65 74 6F 6E 14 44 00 0F 01 6F 64 69 65 73 2F 46 5F 4D 45 44 5F 50 72 69 6D 1A 00 B2 73 68 13 00 F0 37 4B 00 50 9F 00 FE 5F 41 6E 69 6D 42 6C 75 65 70 72 69 6E 74 26 62 00 94 53 6B 69 6E AC 00 BD 5F 42 4C 4B 2F 4D 61 74 65 72 69 61 6C 1A 00 03 6F 64 79 1F 00 70 14 00 F0 0C 1F 00 F0 04 AE 00 F2 5F 43 06 76 01 56 43 75 73 74 6F 6D 76 01 00 73 00 2F 02 50 61 72 74 44 61 74 61 43 50 5F 41 74 68 65 6E 61 89 00 31 46 96 00 21 47 FC 00 20 1B 00 47 2F 48 65 72 6F 65 73 39 01 30 9E 01 F0 05 3A 00 40 C8 02 0F 19 54 7B 85 0C 2D 3A EC 7B 7E A2 42 63 10 83 7A 73 E9 71 0B B6 57 37 B4 79 18 69 40 56 99 65 CF 69 E3 22 58 A5 6D 55 F8 70 ED 02 00 FC 02 31 1A 39 00 F5 08 00 00 00 01 9C F0 81 40 48 00 F1 FF 99 40 48 00 F1 00 E1 21 06 12 00 31 63 18 00 31 09 08 00 40 38 00 40 88 00 40 10 00 40 88 00 39 A1 93 33 33 99 28 8A 1B 0B 30 00 40 78 00 71 00 10 00 71 01 0C 00 F0 C1 41 04 0D 00 7F 01 06 09 02 05 04 81 02 01 02 05 03 01 02 02 01 01 2C 00 50 24 00 B0 5C 00 F2 07 00 B1 00 2C 00 02 80 05 EB 03 10 15 00 B1 05 1B 00 10

Replace:

8C 02 02 30 FA 00 00 00 00 EA 02 00 00 0A 00 99 F9 22 00 80 0B 05 00 00 FE 01 94 0F 03 26 02 00 00 B6 02 00 00 D6 02 00 00 0B 00 00 00 4C 01 29 00 F3 64 C1 00 F1 2F 5A 3E 60 B4 8C 5A FC 0F 5E C7 4D C5 01 40 C1 AA 0F 5A 9F DB 75 B7 55 11 11 B0 C7 55 F2 4A CD 4A 62 49 12 93 A6 64 BB 09 C4 98 49 77 72 88 86 14 98 7C 39 2A 35 BA ED A8 A8 7A E6 7F A4 3C 09 2F 86 A2 21 21 46 6F 35 30 B8 72 00 0A 00 0C 00 62 00 0C 00 1F 00 1F 00 24 00 04 00 1B 00 0D 00 3A 2F 47 61 6D 65 2F 57 73 6C 74 0A 00 26 67 69 74 68 75 62 0C 00 0F 22 43 68 61 72 61 63 74 65 72 73 2F 50 6C 61 79 65 72 2F 46 65 6D 61 6C 65 2F 4D 65 64 69 75 6D 2F 42 6F 64 69 65 73 2F 46 5F 4D 45 44 5F 50 72 69 6D 1A 00 A2 73 68 13 00 9F 07 5F 53 6B 65 6C 65 74 6F 6E 5F 41 6E 69 6D 42 6C 75 65 70 72 69 6E 6E 00 18 63 6F 6D 2F 43 6F 64 65 86 00 FF 03 46 6F 72 74 6E 69 74 65 2D 48 65 78 2D 53 77 61 70 73 0C 1F 00 F0 0F 6C 00 02 5F 43 3B 00 56 43 75 73 74 6F 6D D4 00 1F 06 42 6F 64 79 50 61 72 74 44 61 74 61 43 72 65 61 74 65 64 42 79 82 00 10 9A 00 4D 41 74 68 65 6E 61 2F 48 65 72 6F 65 73 D7 00 30 F1 00 23 43 50 5F 1F 00 01 5F 45 00 32 5F 46 7D 00 41 47 ED 01 0F 19 54 7B 85 0C 2D 3A EC 7B 7E A2 42 63 10 83 7A 73 E9 71 0B B6 57 37 B4 79 18 69 40 56 99 65 CF 69 E3 22 58 A5 6D 55 F8 70 12 02 F0 81 31 1A 39 00 F5 08 00 00 00 01 9C 00 18 00 40 48 00 F1 FF 99 40 48 00 F1 00 D9 31 25 48 00 31 63 18 00 31 09 08 00 40 38 00 40 88 00 40 10 00 40 88 00 39 A1 93 33 33 99 28 8A 1B 0B 38 00 40 78 00 71 00 10 00 71 01 0C 00 F0 C1 41 04 0D 00 8F 00 06 09 02 05 04 81 02 01 02 05 03 01 02 02 01 34 00 50 24 00 B0 5C 00 F2 07 00 B1 00 30 00 34 80 05 01 03 13 00 61 05 1A 00 60 33 00 32 03 02 16 00 F2 06 00 F9 C0 CE 09 00 00 00 00 00 00 00 00

----------------------------------------

Search (pakchunk10-WindowsClient_s1.ucas):

00 00 00 00 02 03 00 00 08 00 00 00 00 00 00 00 00 22 00 80 23 05 00 00 16 02 00 00 16 02 00 00 3E 02 00 00 CE 02 00 00 EE 02 00 00 09 00 00 00 78 01 00 00 00 00 64 C1 00 00 00 00 3F 2D 8A 55 3E 7A F2 A1 47 C4 93 B7 35 63 9A 3B 70 33 55 C5 1C 50 0A 52 A2 E3 34 12 EA 02 24 61 E2 68 85 8B 72 A0 A2 7A 3F 68 59 C1 9F 82 81 DB 39 2A 35 BA ED A8 A8 7A 1B E4 30 06 67 A4 A2 5F 83 C6 9D 38 6F FE A1 89 00 40 00 49 00 50 00 0B 00 14 00 17 00 1B 00 16 00 38 2F 47 61 6D 65 2F 43 68 61 72 61 63 74 65 72 73 2F 50 6C 61 79 65 72 2F 4D 61 6C 65 2F 4D 65 64 69 75 6D 2F 42 61 73 65 2F 53 4B 5F 4D 5F 4D 41 4C 45 5F 42 61 73 65 5F 53 6B 65 6C 65 74 6F 6E 2F 47 61 6D 65 2F 43 68 61 72 61 63 74 65 72 73 2F 50 6C 61 79 65 72 2F 4D 61 6C 65 2F 4D 65 64 69 75 6D 2F 42 6F 64 69 65 73 2F 4D 5F 4D 45 44 5F 50 72 69 6D 65 2F 4D 65 73 68 65 73 2F 4D 5F 4D 45 44 5F 50 72 69 6D 65 2F 47 61 6D 65 2F 43 68 61 72 61 63 74 65 72 73 2F 50 6C 61 79 65 72 2F 4D 61 6C 65 2F 4D 65 64 69 75 6D 2F 42 6F 64 69 65 73 2F 4D 5F 4D 45 44 5F 50 72 69 6D 65 2F 4D 65 73 68 65 73 2F 4D 5F 4D 45 44 5F 50 72 69 6D 65 5F 41 6E 69 6D 42 50 4D 5F 4D 45 44 5F 50 72 69 6D 65 4D 5F 4D 45 44 5F 50 72 69 6D 65 5F 41 6E 69 6D 42 50 5F 43 53 4B 5F 4D 5F 4D 41 4C 45 5F 42 61 73 65 5F 53 6B 65 6C 65 74 6F 6E 43 75 73 74 6F 6D 43 68 61 72 61 63 74 65 72 42 6F 64 79 50 61 72 74 44 61 74 61 43 50 5F 41 74 68 65 6E 61 5F 42 6F 64 79 5F 4D 5F 50 72 69 6D 65 2F 47 61 6D 65 2F 41 74 68 65 6E 61 2F 48 65 72 6F 65 73 2F 4D 65 73 68 65 73 2F 42 6F 64 69 65 73 2F 43 50 5F 41 74 68 65 6E 61 5F 42 6F 64 79 5F 4D 5F 50 72 69 6D 65 00 00 00 00 00 00 00 00 54 7B 85 0C 2D 3A EC 7B 7E A2 42 63 10 83 7A 73 E9 71 0B B6 57 37 B4 79 18 69 40 56 99 65 CF 69 E3 22 58 A5 6D 55 F8 70 23 05 00 00 00 00 00 00 1A 00 00 00 00 00 00 00 06 00 00 00 02 00 00 00 01 00 00 00 00 00 00 00 54 7B 85 0C 2D 3A EC 7B FF FF FF FF FF FF FF FF E9 71 0B B6 57 37 B4 79 00 00 00 00 00 00 00 00 00 00 00 00 00 00 00 00 3D 05 00 00 00 00 00 00 3C 00 00 00 00 00 00 00 07 00 00 00 00 00 00 00 FF FF FF FF FF FF FF FF 7E A2 42 63 10 83 7A 73 FF FF FF FF FF FF FF FF 18 69 40 56 99 65 CF 69 D9 D6 92 41 DA 6B F8 D2 0B 00 00 00 00 00 00 00 01 00 00 00 00 00 00 00 00 00 00 00 00 00 00 00 01 00 00 00 01 00 00 00 00 00 00 00 01 00 00 00 00 00 00 00 00 00 00 00 00 00 00 00 04 00 00 00 00 00 00 00 01 04 09 02 05 05 02 01 01 00 00 00 01 00 00 00 00 00 00 00 03 00 00 00 00 00 00 00 00 00 00 00 01 00 00 00 00 00 00 00 00 00 00 00 05 00 00 00 00 00 00 00 00 00 00 00 00 00 00 00 00 03 02 00 00 00 00 00 00 00 04 00 00 00 00 00 00 00 00 00 00 00 00 00 00 00 00 00 00 00 02 03 00 00

Replace:

00 00 00 00 87 02 00 00 08 00 00 00 00 00 00 00 00 22 00 80 A8 04 00 00 9B 01 00 00 9B 01 00 00 C3 01 00 00 53 02 00 00 73 02 00 00 09 00 00 00 FD 00 00 00 00 00 64 C1 00 00 00 00 00 00 00 00 00 00 00 00 00 00 00 00 00 00 00 3B 70 33 55 C5 1C 50 0A 52 A2 E3 34 12 EA 02 24 61 E2 68 85 8B 72 A0 A2 7A 3F 68 59 C1 9F 82 81 DB 39 2A 35 BA ED A8 A8 7A 1B E4 30 06 67 A4 A2 5F 83 C6 9D 38 6F FE A1 89 00 0A 00 0C 00 50 00 1F 00 14 00 04 00 1B 00 0D 00 38 2F 47 61 6D 65 2F 57 73 6C 74 2F 47 61 6D 65 2F 67 69 74 68 75 62 2F 47 61 6D 65 2F 43 68 61 72 61 63 74 65 72 73 2F 50 6C 61 79 65 72 2F 4D 61 6C 65 2F 4D 65 64 69 75 6D 2F 42 6F 64 69 65 73 2F 4D 5F 4D 45 44 5F 50 72 69 6D 65 2F 4D 65 73 68 65 73 2F 4D 5F 4D 45 44 5F 50 72 69 6D 65 5F 41 6E 69 6D 42 50 63 6F 6D 2F 43 6F 64 65 57 73 6C 74 2F 46 6F 72 74 6E 69 74 65 2D 48 65 78 2D 53 77 61 70 73 4D 5F 4D 45 44 5F 50 72 69 6D 65 5F 41 6E 69 6D 42 50 5F 43 57 73 6C 74 43 75 73 74 6F 6D 43 68 61 72 61 63 74 65 72 42 6F 64 79 50 61 72 74 44 61 74 61 43 72 65 61 74 65 64 42 79 57 73 6C 74 2F 47 61 6D 65 2F 41 74 68 65 6E 61 2F 48 65 72 6F 65 73 2F 4D 65 73 68 65 73 2F 42 6F 64 69 65 73 2F 43 50 5F 41 74 68 65 6E 61 5F 42 6F 64 79 5F 4D 5F 50 72 69 6D 65 00 00 00 00 00 00 00 00 54 7B 85 0C 2D 3A EC 7B 7E A2 42 63 10 83 7A 73 E9 71 0B B6 57 37 B4 79 18 69 40 56 99 65 CF 69 E3 22 58 A5 6D 55 F8 70 A8 04 00 00 00 00 00 00 1A 00 00 00 00 00 00 00 06 00 00 00 02 00 00 00 01 00 00 00 00 00 00 00 54 7B 85 0C 2D 3A EC 7B FF FF FF FF FF FF FF FF E9 71 0B B6 57 37 B4 79 00 00 00 00 00 00 00 00 00 00 00 00 00 00 00 00 C2 04 00 00 00 00 00 00 3C 00 00 00 00 00 00 00 07 00 00 00 00 00 00 00 FF FF FF FF FF FF FF FF 7E A2 42 63 10 83 7A 73 FF FF FF FF FF FF FF FF 18 69 40 56 99 65 CF 69 D9 D6 92 41 DA 6B F8 D2 0B 00 00 00 00 00 00 00 01 00 00 00 00 00 00 00 00 00 00 00 00 00 00 00 01 00 00 00 01 00 00 00 00 00 00 00 01 00 00 00 00 00 00 00 00 00 00 00 00 00 00 00 04 00 00 00 00 00 00 00 01 04 09 02 05 05 02 01 01 00 00 00 01 00 00 00 00 00 00 00 03 00 00 00 00 00 00 00 00 00 00 00 01 00 00 00 00 00 00 00 00 00 00 00 05 00 00 00 00 00 00 00 00 00 00 00 00 00 00 00 00 03 02 00 00 00 00 00 00 00 04 00 00 00 00 00 00 00 00 00 00 00 00 00 00 00 00 00 00 00 00 00 00 00 00 00 00 00 00 00 00 00 00 00 00 00 00 00 00 00 00 00 00 00 00 00 00 00 00 00 00 00 00 00 00 00 00 00 00 00 00 00 00 00 00 00 00 00 00 00 00 00 00 00 00 00 00 00 00 00 00 00 00 00 00 00 00 00 00 00 00 00 00 00 00 00 00 00 00 00 00 00 00 00 00 00 00 00 00 00 00 00 00 00 00 00 00 00 00 00 00 00 00 00 00 00 00 00 00 00 00 00 00 00 00 00 00 00 00

----------------------------------------

Search (pakchunk10-WindowsClient_s1.ucas):

8C 02 02 3C FA 00 00 00 00 99 03 00 00 0A 00 99 F9 22 00 80 BA 05 00 00 AD 02 94 0F 03 D5 02 00 00 65 03 00 00 85 03 00 00 0B 00 00 00 FB 01 29 00 02 64 C1 2F 00 FF 9F 3F 2D 8A 55 3E 7A F2 A1 47 C4 93 B7 35 63 9A 3B 70 33 55 C5 1C 50 0A 52 5F FB 99 95 37 FD E1 14 A2 E3 34 12 EA 02 24 61 E2 68 85 8B 72 A0 A2 7A 83 53 10 DE 6F FC 57 2D 3F 68 59 C1 9F 82 81 DB 39 2A 35 BA ED A8 A8 7A 75 87 E8 4E A0 53 E4 95 81 42 AA 8C 16 D2 58 1A 00 40 00 49 00 50 00 6B 00 0B 00 14 00 14 00 17 00 1B 00 18 00 3A 2F 47 61 6D 65 2F 43 68 61 72 61 63 74 65 72 73 2F 50 6C 61 79 65 72 2F 4D 61 6C 65 2F 4D 65 64 69 75 6D 2F 42 61 73 65 2F 53 4B 5F 4D 5F 4D 41 4C 45 5F 42 61 73 65 5F 53 6B 65 6C 65 74 6F 6E 12 40 00 0F 01 6F 64 69 65 73 2F 4D 5F 4D 45 44 5F 50 72 69 6D 1A 00 B2 73 68 13 00 F0 35 49 00 F7 5F 41 6E 69 6D 42 50 24 50 00 94 53 6B 69 6E 98 00 BD 5F 42 4C 4B 2F 4D 61 74 65 72 69 61 6C 1A 00 03 6F 64 79 1F 00 70 14 00 80 39 00 20 88 00 F2 5F 43 01 33 00 F0 04 4E 01 56 43 75 73 74 6F 6D 4E 01 00 2E 00 2F 02 50 61 72 74 44 61 74 61 43 50 5F 41 74 68 65 6E 61 44 00 31 4D 51 00 21 47 C1 01 20 1B 00 05 2F 48 65 72 6F 57 01 20 15 01 30 DF 00 F0 05 3A 00 40 9C 02 0F 19 54 7B 85 0C 2D 3A EC 7B 7E A2 42 63 10 83 7A 73 E9 71 0B B6 57 37 B4 79 18 69 40 56 99 65 CF 69 E3 22 58 A5 6D 55 F8 70 C1 02 00 D0 02 31 1A 39 00 39 08 00 00 00 02 00 00 00 01 10 00 40 48 00 F1 FF 99 40 48 00 F1 00 D9 31 D4 48 00 31 62 18 00 31 09 08 00 40 38 00 40 88 00 40 10 00 40 88 00 39 00 47 1F 9B 74 D3 18 8E 0B 38 00 40 78 00 71 00 10 00 71 01 0C 00 F0 C1 41 04 18 00 8E 04 09 02 05 04 81 02 01 02 05 03 01 02 01 33 00 71 04 30 00 80 3F 00 B1 07 18 00 34 80 05 01 03 13 00 B1 06 1B 00 10 0F 00 32 03 02

Replace:

8C 02 02 2A FA 00 00 00 00 C8 02 00 00 0A 00 99 F9 22 00 80 E9 04 00 00 DC 01 94 0F 03 04 02 00 00 94 02 00 00 B4 02 00 00 0B 00 00 00 2A 01 29 00 F3 64 C1 00 F1 2F 5A 3B 70 33 55 C5 1C 50 0A 52 5F FB 99 95 37 FD E1 14 A2 E3 34 12 EA 02 24 61 E2 68 85 8B 72 A0 A2 7A 83 53 10 DE 6F FC 57 2D 3F 68 59 C1 9F 82 81 DB 39 2A 35 BA ED A8 A8 7A 75 87 E8 4E A0 53 E4 95 81 42 AA 8C 16 D2 58 1A 00 0A 00 0C 00 50 00 0C 00 1F 00 14 00 1F 00 04 00 1B 00 0D 00 3A 2F 47 61 6D 65 2F 57 73 6C 74 0A 00 26 67 69 74 68 75 62 0C 00 0F 20 43 68 61 72 61 63 74 65 72 73 2F 50 6C 61 79 65 72 2F 4D 61 6C 65 2F 4D 65 64 69 75 6D 2F 42 6F 64 69 65 73 2F 4D 5F 4D 45 44 5F 50 72 69 6D 1A 00 A2 73 68 13 00 87 5F 41 6E 69 6D 42 50 5C 00 18 63 6F 6D 2F 43 6F 64 65 74 00 EF 03 46 6F 72 74 6E 69 74 65 2D 48 65 78 2D 53 77 61 70 73 3D 00 F2 5F 43 0C 33 00 00 4A 00 56 43 75 73 74 6F 6D B2 00 6F 06 42 6F 64 79 50 61 72 74 44 61 74 61 43 72 65 61 74 65 64 42 79 E6 00 0B 41 74 68 65 6E 61 2F 48 65 72 6F B0 00 20 B7 00 30 D1 00 23 43 50 5F 1F 00 37 5F 42 6F 64 79 5F 4D 8C 00 41 47 CB 01 0F 19 54 7B 85 0C 2D 3A EC 7B 7E A2 42 63 10 83 7A 73 E9 71 0B B6 57 37 B4 79 18 69 40 56 99 65 CF 69 E3 22 58 A5 6D 55 F8 70 F0 01 00 FF 01 31 1A 39 00 39 08 00 00 00 02 00 00 00 01 10 00 40 48 00 F1 FF 99 40 48 00 F1 00 D9 22 03 05 12 00 31 62 38 00 31 09 08 00 40 38 00 40 88 00 40 10 00 40 88 00 39 00 47 1F 9B 74 D3 18 8E 0B 30 00 40 78 00 71 00 10 00 71 01 0C 00 F0 C1 30 BB 00 7F 02 00 01 04 09 02 05 04 81 02 01 02 05 03 01 02 01 01 2B 00 40 23 00 71 00 14 00 00 0C 00 F2 07 00 B1 00 2C 00 34 80 05 01 03 13 00 61 06 1A 00 50 47 00 33 00 03 02 16 00 71 05 1E 00 F0 7F 0B 00 3A 09 00 00 00 00 00 00 00 00 00

----------------------------------------

Search (pakchunk20-WindowsClient.ucas):

8C 0A 00 20 79 88 20 77 00 00 00 00 58 3C 00 00 00 15 20 3B 01 00 00 00 22 00 80 09 45 E3 39 00 00 4B 3A 43 3B 8B 3B 9B 3C 01 47 2D 00 00 64 C1 00 00 CA B6 9A DC 81 46 B1 7F 67 36 62 2F 3B 71 A3 83 E0 71 5C 84 4E 5A 07 F2 0D B7 75 93 8E 8B 51 A8 85 4C 3A 97 DC 8C 3F 92 F9 4F 9C 58 E7 7B 47 6C 1C 24 91 B7 70 BD 15 8A CA 6E 07 38 E4 D3 9A D8 B7 7B 34 E7 F2 77 32 39 86 9F E1 22 A8 71 0E 55 2D 1C 3C EE CA C8 E0 7D 2D 0B 30 19 32 E4 D4 77 C5 FD A5 CF E0 D7 15 C3 A8 69 34 20 37 9C 39 9B 38 7A 96 77 A8 EA 01 56 E4 D5 67 61 9E 0A F8 CB 42 5C EB FF E2 8C 0A 62 5A 90 7E 91 80 E9 E0 9A E1 17 D7 B4 68 ED 1E 9F CA 67 BA 6F 70 A7 38 4A 60 2E A0 4F 97 7A B5 DE D2 CD 5C 63 1B 8B F0 ED B5 89 DE 7D 3E F6 7D 79 5D 01 44 AB 90 06 63 7A D0 C5 71 78 6D 4A 01 A1 FE 11 72 3F 16 6C 7C 94 5C AA 7D B4 0F D4 C5 90 39 FA DB 8A 12 94 9E F8 D4 84 7C C6 01 C5 6D 7F AC DB 35 D2 3B D8 C5 23 B7 8B 0A 6C 1D 6E B8 56 8A 64 05 A8 6D A3 55 EB 80 F1 96 F0 47 FA C1 B9 80 46 88 6D 13 EE 5D BC 75 3C B9 CE B2 8A 70 84 D5 61 86 AA C3 A0 DA 6B AB E1 3D B1 75 ED DF 8A C7 76 3E 4D BF 73 3E BC F8 80 66 0F 3C 8C B2 A8 FE 8B 23 19 3F 3D 8E F4 81 1A F9 96 0D 60 10 42 D1 1F 76 AA 4F 84 50 52 0B FE 37 6C 6D 03 C8 41 7E 4A E9 D8 C8 FD A3 EB 7C DE 13 C2 E3 CB D1 42 0D A5 E4 AC 51 4F C9 8E F4 CD D6 6F EA 52 78 86 B5 3B D0 02 37 EE B0 45 F5 54 00 A9 44 3A 4B F2 DC C5 47 87 74 77 A2 77 EC 8C 46 B5 16 C8 C7 4D 8B C6 A3 A6 FA B6 97 C8 B0 13 E3 81 53 B3 9C E2 87 06 A1 FF 4B 80 04 92 74 DD 82 39 5E 32 A6 C0 37 24 65 B6 6F 8A C0 7C 41 1D D0 00 6F D4 77 50 2D 8B FD 8D BE D1 DE 04 29 71 3B 5B 45 7B 54 7F 5E BE 1C AB 00 6B 04 18 D5 C1 3A 1D DD E9 17 18 53 B8 21 03 F2 FD 47 8F AD 6B FD F4 11 2F 69 A8 08 BC 8D 43 44 F3 DC 4A 5C 5D 2D 6E B0 40 26 AC 81 93 CF 86 44 BF 15 F3 E3 BE 5B B0 31 C3 EF 53 AB 3F DB 21 F3 E8 65 87 CE 91 45 FB 99 96 1D 29 B9 29 E3 65 AB 00 D8 4C D2 00 91 51 55 55 02 C5 9F 09 2B 31 14 86 2F 4B 83 54 00 07 97 C0 02 5B C5 0D D7 F3 5F 44 59 05 18 5F C7 F3 53 BA 0A 56 5A A9 56 E8 9E 43 AA C9 21 04 AF 1D 87 3E F8 AF 79 27 3E 5A 60 A8 54 F6 17 86 CC 9F D3 F2 1C 6C 7D 81 0C 2D 98 7E EF 2A C8 F5 10 0C 93 AC 58 F4 85 FB 3B A2 76 DF EE 35 F5 F9 68 1D 4E E3 37 11 37 73 31 DA B7 E8 49 7D 0A 10 69 90 02 69 C3 97 42 DE 7D C0 64 E5 EC F3 CA 2B BE BF FC 8D 32 3D 21 10 25 86 B6 B0 5D F3 FA 2B D8 54 A7 F6 BF E8 F8 16 C0 2E FD 30 62 C8 DF E1 8C 7A FE E6 10 E0 2E A5 81 BC A2 46 2D 68 4D D6 6A 96 22 C8 B1 1F 9E 20 D3 0A 2A 75 1A 93 7B F4 9E 6E E1 9D 21 F2 E7 63 A1 D3 52 A1 81 0D 17 EB 40 E9 F1 BF 9F 0E 8F 27 87 73 26 D3 4D FF C0 9F 4A 6E 83 50 DF 8E EC B9 FE 42 15 00 BC C9 F3 23 E7 4E B1 7D 71 2C A3 8E 8A D5 25 24 4C 99 B8 7A C7 FF 63 58 AA D6 E1 99 EB C4 4C DC 0B 38 97 CC 11 BB 14 D4 F0 34 C6 F6 99 DE 9F 47 B0 94 62 B8 5C 4F 0F 85 E5 86 E6 4A 8E 60 D6 EC 1F 00 FD 11 E3 9B CC 84 63 87 9D B0 25 7D C5 B9 A5 F7 CF DF 71 F8 51 17 74 5A F5 65 26 BA 48 31 F6 A9 9B 46 BA 20 F2 65 E7 91 39 18 4D 06 5C D9 38 07 F1 76 45 08 6C 8D 4D A6 DC 94 48 4F D9 6A B9 BD AD 73 1F 40 B9 0F 26 C3 BA 0A 13 CF B8 F9 92 64 D9 32 B2 50 FC EA 6F E9 2E 96 47 8E E9 FA 76 4F B2 FD 46 9D 25 99 D9 80 CD 3C 90 2F 6A FE B9 9E 9B 5E 2D B9 01 02 4F B7 06 C2 1F 4A 97 96 69 4D 63 3E 3C A4 00 76 56 E5 76 D1 EC 97 AC 9A 34 2D 1A 75 3D 24 6A 9C EC C0 B7 BF 8C E9 CF B2 C8 27 B1 00 BE 07 7E 4D 7A 49 63 62 F0 DA 01 6D 45 28 01 E2 C5 0B 8C 8F 05 72 2D 80 A5 7E 14 23 C6 EE B5 0F 0F 5C 78 D6 D9 30 1C 8F 16 71 9A C6 EB 7F EA A9 CD A7 83 9E B6 62 62 B2 EF C7 86 0E 22 53 60 EB C8 E4 FB DA C0 36 8F E3 B1 CA 2C 58 4A E0 C5 96 20 EF D0 27 24 90 8E CD 2D 84 36 BB 8A C4 85 63 59 A0 FA 96 D9 EC A8 61 B2 32 30 2C 41 07 74 6B 57 EF 91 7F 73 D2 BD 86 F1 F6 85 E0 65 DA B9 DB 09 81 BF B3 AA BC 8C 14 50 73 C5 7F 61 14 11 46 88 8B CE 57 D1 28 5A D0 8B 1A 5A B1 23 E0 DC B7 76 D1 C8 89 56 A9 C5 00 C1 98 67 52 22 29 51 7E E0 A8 1C 2E 65 3D 07 FD 49 72 46 27 54 A2 7F 66 53 B2 DB FB 31 A6 F3 09 A2 5D D6 3C 7B AF B7 7F E8 26 A7 6A BA DD F9 A9 33 EB D7 B7 F8 E9 86 7C 84 9E 19 25 68 F1 BF B7 E9 70 A6 8D 1B F3 EB 21 40 A8 BA 52 B5 91 FF 91 AF 89 21 71 F5 7F D7 45 3A BD FC 7F 43 7D 8B 93 DB C0 46 B9 C3 20 09 E8 46 4F F9 78 C3 09 95 31 4D 59 7C 88 98 15 98 12 BB F6 AD B3 B5 75 DB A1 3C 8F 48 EA A5 0D 41 CF A1 28 57 B9 5E D4 06 6E 3F 1B A0 05 DC D2 07 49 99 52 60 8F 1C B7 99 82 A6 2A EB 84 B0 88 60 3A DC FF D1 BA 67 D0 53 9D 95 F6 DB AD 81 8C F2 7D 67 BC B8 18 A3 26 9A 51 8F FB A1 F3 65 09 0E 65 D1 90 55 5E EB C5 C4 E0 84 4A 6B A7 30 F1 A8 B3 A9 8C 67 0C 8F 81 D1 E0 08 75 84 0B 13 6E 25 22 9A 0D 7E 9D 14 CE B9 C7 AF 01 74 7E 4C 91 A0 0E E2 75 EE 9F 8D 4C 17 E9 13 19 B6 6B 8C AA 31 20 D8 A0 9B 98 EF 63 1A 3D 27 C1 42 0E 51 42 5C FD E1 94 69 37 AE CD 1F FF AD 5C F9 0E B1 B5 48 38 AA AD B2 FF C4 1E FF F5 FA 98 D6 03 89 FB A5 13 E0 E8 F2 99 AF 04 59 58 7B 7B 16 F0 54 B5 6B F7 BD 01 30 40 12 D5 86 BE C8 BF 5F 30 08 78 E6 1B A9 B8 68 51 65 EE D5 C7 44 F4 6D 3A 02 A0 85 57 79 16 D0 1B DA A5 0A 38 67 0B B0 C2 F1 29 16 63 1A 0D D4 4A 03 0B DD C1 BC 05 D5 53 2F 31 35 96 E3 44 51 B0 A3 4E E4 F6 28 2E 4A 56 39 14 17 A7 A3 FC DA 78 7C CB FD DB 82 49 0C 37 81 56 51 EE 99 AC A2 A9 0C 66 98 C0 0D 03 AC 70 90 F1 57 3D A6 CF 8A 8D 68 0B 00 5D CC 00 72 4D FD F6 5D 7F 12 23 E4 F5 BE 99 4E 19 7A 9D F1 11 0F 6E 3B E9 D0 6B F0 53 01 0D 23 43 42 53 C1 91 64 22 DF 6F 69 6C 93 FF C0 BE D2 D2 23 8C B4 14 E4 1A 32 52 53 00 E1 0B 76 CB 7D 90 9B 67 2A D0 42 14 55 17 85 6A 35 DC 7C 8C 73 97 8C 44 CD 91 1A 6B 15 5F A8 8E 62 6D 42 EA D7 99 7E 50 6B CB EE 24 86 AB 29 C6 9B F2 D9 E0 40 5E B3 E5 62 88 AB 46 34 5D FE 39 49 39 DD 56 B8 2E E4 72 90 D7 39 14 66 47 F9 3F 84 B3 49 88 6E 3D 6C BB 1E 6F 70 91 CC 5E 91 C5 5F DC 7A 80 C9 93 E0 04 51 2E AA 96 33 59 E0 6B BE C5 56 09 1C 08 16 47 81 DD 65 C4 E2 32 A4 E5 A4 6D CB 88 EE 0E 6E 0E 34 BD 0E D0 56 CB 32 3F D3 98 88 61 22 3A 25 85 38 CF 30 43 C7 FE D3 4F B8 BE 45 7E BB D6 F5 9C 26 E8 4E 92 C2 84 10 31 FF EE B4 63 DE 2D B0 EF FF 04 67 47 8E 1E 05 5E 29 F8 67 44 37 1B A7 67 7F FE 1A F4 05 B4 6A 0D EE 34 B5 9F 17 E7 48 8B EF AE 57 92 43 7A 6E D9 43 CF DE 24 5F E1 90 7C 79 A0 9D D6 1E 2E EA 44 89 78 50 F0 4A 61 A1 F9 4B 96 45 35 5B 75 BD 1F 1E 65 C4 4F C2 AC 6A 54 58 31 3F 4A 92 FA CB A5 15 3B 8A D0 AF BE 07 AD B6 29 0B AB 25 DB 1F FA 3D 44 65 9E 76 14 57 89 F4 CA E5 AF 6E 68 F4 AD A4 C1 FE C9 1D 29 B2 29 34 CA 3D BE 16 69 48 43 A6 52 E8 8D D5 A0 04 E8 18 C2 4D 4F C8 52 68 07 19 30 F0 41 B5 0F B7 13 F0 0A B9 95 AE 12 15 95 12 C1 AE 32 27 DE CB 6A 36 BB 46 05 E5 81 D3 C7 68 DF 16 70 72 3F 90 FD E6 A5 F8 A7 04 77 28 27 B1 01 AC 2C 44 7D 44 5C 18 47 63 9B CB 24 BE 45 01 EE 29 29 A3 18 B1 01 51 FE 1A 01 81 69 B2 DE E9 76 50 C6 E2 D1 90 8D 77 AD 13 47 F2 D5 A6 01 28 A2 FA 9F 59 72 29 A9 7C 65 4D F7 3C 48 6B 3C 1E 7B 7E A2 96 51 68 B9 25 25 82 06 C1 EB 51 EA A6 7F 2A A6 12 31 92 40 D3 77 73 53 9D B6 29 97 D6 A8 4A 63 2D B9 00 77 6A A2 03 38 53 7A 49 24 36 01 5D 62 EC CE D8 31 C6 7E 99 C5 AE 9D 21 87 A2 A8 6F FE 4A BC AF AD 83 42 CA FD 9F AB 4B 3D 2D DE 58 99 11 44 84 FB ED 72 ED CB D5 48 90 49 5A E5 BD 15 CA 98 5A C5 F8 A0 91 66 DA 1F CF D2 11 3A BE C3 35 BD D6 0B 83 FB 29 61 01 52 E1 E1 B9 D0 BC 6D 10 59 97 E0 D6 1E 44 5B 6B AE 78 32 2B 58 39 E8 95 13 3B 35 67 5F 0E 6A 72 B5 54 ED F5 DC 52 D3 23 C2 ED 6A 23 40 8D EE 28 BC 1E A3 08 A7 5C F8 A6 17 15 18 6F 55 3E 4A 5B 03 37 F0 3E 35 2C A4 72 3D C6 19 D0 95 D3 56 88 01 E3 41 15 5D C7 C0 11 DB 6B 91 42 7D 92 26 3D 12 1A AB 7C 98 80 F0 09 FD F6 C2 68 91 28 EF 9D 23 AB 57 6F 84 64 76 6F 76 D0 38 52 42 4C DA 16 44 77 37 0A C4 EE 7C 32 8D 38 68 80 EF 5A 99 79 1D E7 84 FA 26 C3 06 1A C2 C8 C7 29 03 C8 72 12 E5 25 75 B5 50 CC 4C 6A BC 0E D3 77 83 9E 83 47 CF 0C AC 4A 83 DB F4 D7 40 90 A6 6F AB E4 78 06 E6 80 B3 80 CA 25 94 69 86 A5 F7 FF 6B CA 82 9A 9E F9 3F 73 07 DD EC 21 A0 15 AF 70 39 86 2D 4E B8 5D C7 16 39 6A F5 D3 31 75 78 6F CB E5 24 12 2F 5F F3 38 F7 5A 3C 67 DF 7A 5C 71 FA 47 08 00 28 00 37 00 2E 00 28 00 6E 00 75 00 53 00 75 00 53 00 61 00 55 00 5A 00 5A 00 6A 00 61 00 53 00 5D 00 67 00 5A 00 61 00 52 00 77 00 52 00 57 00 58 00 57 00 58 00 43 00 33 00 39 00 40 00 35 00 35 43 00 3B 00 37 3B 00 3B 00 43 00 31 32 00 34 00 32 00 32 32 00 37 00 38 00 34 34 00 23 00 1C 00 1A 22 4B 00 47 00 4C 00 41 3E 00 44 00 48 00 46 44 00 44 00 47 00 47 45 00 43 33 00 38 00 38 00 31 4D 00 14 00 2D 00 0E 0F 00 1F 00 17 00 17 1A 00 1F 00 1B 00 19 21 00 17 00 1D 00 15 0E 00 0C 00 14 00 13 16 00 13 00 11 00 1E 11 00 13 00 10 00 0D 0E 00 14 00 11 00 0F 14 00 0D 00 1C 15 00 14 00 1E 00 1C 12 00 14 00 18 00 18 15 00 12 00 15 00 17 1B 17 00 0A 00 13 00 22 19 00 19 00 1F 00 22 1F 00 21 00 20 00 28 2C 00 24 00 21 00 1F 1F 00 23 1F 00 25 00 25 00 26 1F 2A 00 1E 00 22 00 22 22 00 2A 00 2A 00 25 21 00 25 00 24 00 23 23 25 00 1F 00 24 00 27 28 00 23 00 1E 21 00 1E 00 26 00 20 29 00 29 00 29 00 29 21 23 00 23 0A 00 17 00 1E 00 1A 1D 00 20 00 25 00 27 1C 00 1B 00 18 00 16 1B 00 20 00 21 00 1B 17 19 00 17 00 26 1A 2D 00 30 00 14 00 0E 1C 00 0E 00 23 00 26 17 00 27 00 13 21 17 00 18 00 19 13 0D 00 13 00 1B 00 1F 0F 00 0F 00 0F 00 0F 0E 0E 00 0E 0E 23 13 00 19 00 15 00 16 0B 00 13 00 10 19 00 0A 00 1D 14 00 14 24 00 0F 0B 00 0D 00 18 26 2F 47 61 6D 65 2F 41 62 69 6C 69 74 69 65 73 2F 45 6D 6F 74 65 73 2F 47 41 42 5F 5F 47 65 6E 65 72 69 63 5F 54 72 61 6E 73 66 6F 72 6D 61 6F 6E 2F 50 6C 61 79 65 72 50 61 77 6E 73 2F 4D 65 6E 75 53 63 72 65 6E 5F 41 74 68 65 61 2F 53 70 72 61 79 6E 69 4D 61 69 6E 43 6F 6D 62 61 74 2F 4D 65 6C 65 65 2F 43 79 62 65 72 41 72 6D 6F 72 46 65 6D 61 6C 5F 50 69 63 6B 61 78 65 5F 48 61 72 76 65 73 74 69 6E 67 5F 6F 5F 43 4D 5F 4D 31 44 75 61 6C 57 69 65 6C 64 2F 41 6E 63 69 65 6E 74 47 6C 61 64 69 61 74 6F 72 5F 4D 43 6C 61 77 2F 43 6C 61 77 45 6D 62 65 72 62 65 72 73 46 69 73 74 73 2F 46 69 73 74 73 4B 6E 69 67 68 74 43 61 74 4E 69 74 72 6F 46 6C 6F 77 4F 72 64 65 72 47 75 61 72 64 2F 73 47 61 6C 69 6C 65 6F 5F 46 65 72 72 79 6F 6E 74 61 67 65 4F 6E 65 48 61 6E 64 65 64 2F 42 52 5F 73 77 6F 72 36 30 46 5F 4D 43 41 53 2F 43 41 53 45 74 68 65 72 65 61 6C 46 46 72 75 69 74 43 6B 65 73 79 74 68 65 2F 53 79 74 68 65 5F 54 77 6F 4C 61 6E 63 65 2F 4C 61 6E 63 4E 61 72 72 6F 77 47 72 69 70 2F 55 70 70 65 72 42 6F 64 79 2F 42 61 73 65 42 61 6C 6C 5F 42 61 74 62 42 53 74 61 66 66 2F 53 74 61 66 66 73 2F 46 72 6F 6E 74 65 6E 64 41 2F 32 68 61 6E 64 45 5F 5F 49 64 6C 65 53 77 69 6E 67 43 6F 73 6D 65 74 69 63 73 2F 43 68 61 72 61 63 74 65 72 50 61 72 74 73 2F 42 5F 50 72 65 76 69 65 77 44 69 73 70 6C 61 79 6D 6D 50 57 65 61 70 6F 6E 6F 6E 74 72 61 69 6C 53 6B 79 44 69 76 65 53 6B 79 64 69 76 65 5F 6D 69 78 5F 46 4D 49 74 65 6D 57 72 61 70 4C 6F 61 64 69 6E 67 4D 75 73 69 63 50 61 63 6B 73 2F 42 48 65 72 6F 65 73 68 6F 64 43 50 5F 5F 46 5F 46 61 6C 6C 62 61 63 6B 4D 6D 61 6E 64 6F 5F 46 5F 49 6E 6E 6F 76 73 42 61 63 6B 70 49 44 5F 52 6D 73 2F 43 54 72 61 69 6C 73 44 61 6E 63 49 44 5F 4D 6F 76 65 73 47 6C 69 64 65 72 5F 57 72 61 70 4C 53 44 65 66 61 75 6C 74 42 61 6E 6E 65 72 73 43 6F 6C 6F 72 43 61 74 65 67 6F 72 4D 61 70 49 63 6F 6E 4E 6F 46 65 41 63 63 65 73 6F 72 46 5F 4D 45 44 5F 50 6F 6E 79 74 61 69 6C 4D 65 64 69 75 6D 2F 48 65 61 64 4D 48 65 61 64 45 6D 70 74 79 41 76 67 5F 5F 5F 50 68 79 73 41 73 65 74 45 6E 76 69 72 6F 6E 6D 65 6E 74 2F 42 6C 75 65 70 72 69 6E 74 74 74 6C 65 50 61 73 73 43 75 72 72 65 6E 63 79 49 49 4F 6E 49 49 54 6F 47 6C 6F 62 61 6C 2F 54 65 78 74 75 72 2F 42 6C 61 6E 6B 73 70 61 72 65 6E 31 78 31 55 49 2F 46 6F 75 6E 64 49 6E 70 75 74 41 63 44 61 74 61 54 61 62 6C 65 63 2D 2D 2D 31 32 38 73 2F 46 4F 52 54 5F 42 61 73 69 63 5F 4D 61 72 6B 5F 49 49 49 44 5F 53 63 72 69 70 74 2F 46 6F 72 74 69 74 65 5F 43 5F 43 5F 43 30 30 33 5F 52 65 64 34 5F 42 6C 61 63 6B 33 31 5F 44 69 6E 6F 73 61 75 72 34 33 5F 50 7A 7A 61 35 31 5F 4D 65 72 6D 6E 33 5F 4A 61 69 6C 62 69 72 64 35 5F 50 53 42 75 72 6E 6F 75 35 37 5F 56 73 69 74 6F 72 38 44 61 72 6B 45 61 67 36 43 61 72 62 69 64 65 37 36 5F 53 68 61 72 38 30 74 72 65 65 74 52 61 63 62 72 61 38 31 5F 53 63 75 62 32 46 65 6D 33 4C 69 66 65 67 75 61 38 37 5F 45 78 65 72 63 69 73 65 39 57 68 69 74 65 39 30 5F 39 33 48 69 70 70 69 34 35 5F 52 61 76 6E 51 75 69 6C 6C 31 30 37 5F 47 61 72 61 67 65 42 61 6E 64 31 39 5F 56 6D 70 69 72 65 32 33 5F 44 4A 34 5F 53 63 61 72 65 63 72 6F 77 4D 35 34 36 5F 6C 4A 61 63 6B 65 74 73 37 4C 69 6C 4B 65 76 36 33 5F 49 63 65 69 6E 67 38 36 5F 47 69 6E 67 65 72 62 72 65 61 43 39 31 30 33 31 5F 52 65 74 72 6F 35 65 76 61 6C 39 46 5F 44 69 73 63 34 33 53 74 65 61 6C 74 68 34 63 69 50 6F 70 36 48 6F 6C 69 64 61 79 53 77 65 61 74 65 72 38 35 31 4D 45 6C 66 36 6B 69 47 69 72 37 32 4D 5F 53 63 6F 75 74 37 38 61 76 65 34 41 73 73 61 73 73 69 6E 39 52 69 64 39 35 31 30 42 75 6E 6E 79 37 50 61 6A 61 6D 61 31 35 4D 75 65 36 61 63 6B 39 46 6E 64 32 32 4D 65 74 61 6C 33 46 54 61 63 74 63 61 6C 57 6F 6F 64 6C 61 6E 64 39 44 65 31 57 61 72 70 61 69 6E 74 34 35 46 36 4D 42 61 73 6B 65 74 37 46 35 30 6F 63 63 65 72 47 75 6D 73 68 6F 65 39 44 61 72 36 35 4D 56 69 6B 69 6E 67 36 46 37 4D 5F 39 31 38 39 46 5F 42 6C 75 65 53 61 6D 75 72 61 69 32 30 36 42 6C 32 32 39 42 6F 34 35 75 72 72 62 75 72 67 50 6A 73 35 48 61 6C 6C 6F 77 65 65 6E 32 37 75 73 68 43 68 65 66 38 59 65 74 38 4E 65 38 4D 39 37 4D 61 33 31 65 72 69 79 61 6B 69 46 69 73 32 38 46 6E 6E 69 73 35 32 53 68 69 35 35 36 52 65 62 69 72 74 68 41 37 42 38 43 39 44 36 30 4D 41 31 42 32 43 33 41 5F 32 37 32 72 69 6D 65 33 5F 42 34 43 35 44 36 45 37 46 38 47 39 4D 38 30 4D 38 31 43 32 44 33 45 34 46 35 47 2E 2E 42 70 69 6E 41 70 70 6C 65 53 6F 75 72 53 69 6E 67 6C 65 44 6F 6E 75 74 50 6C 61 74 46 61 6E 6C 61 69 6C 48 6F 77 65 72 54 61 70 61 73 57 61 73 61 62 69 53 65 61 53 61 6C 53 74 61 66 66 55 73 65 72 46 61 63 69 6E 67 46 6C 61 67 73 2E 42 75 69 6C 74 49 6E 5F 43 2E 76 54 72 69 67 67 65 2E 52 65 6D 6F 76 65 44 69 73 67 75 69 65 2E 73 2E 4E 50 43 2E 53 6C 6F 6E 65 54 6D 46 6F 72 53 74 61 74 4F 62 6A 65 63 74 5F 53 65 61 73 6F 6E 57 69 6E 73 43 5F 43 43 75 65 2E 43 72 61 74 69 76 65 2E 50 6F 73 73 65 73 73 50 72 6F 70 47 72 61 6E 74 65 64 2E 44 69 73 68 46 52 65 6D 6F 4C 74 48 69 64 65 20 45 6C 65 20 30 31 32 33 34 35 36 37 38 39 31 30 32 33 34 35 36 37 38 39 73 4F 6E 6C 79 43 6F 6E 73 52 65 64 43 68 6C 48 54 5F 43 72 75 6E 63 68 56 65 72 74 5F 43 5F 43 4D 53 5F 43 54 6F 5F 43 6C 00 CC 96 98 D4 47 82 3B 96 5E 65 28 3C 21 CE 7D 8B F2 B0 A2 62 C4 0B 2E 44 64 09 3C 4B 5E C2 10 22 21 B0 42 CF 94 88 49 90 62 56 99 E1 05 DC D9 14 13 7E BD BC 55 A5 9E 14 E2 20 33 9A 39 E9 0E 92 FB FF 9C 0E 04 F5 7A EB 06 47 09 76 9C 91 2E 5D 8D DD 11 29 F5 8E 73 23 EA F1 7F 30 46 96 6D CB F7 92 51 62 93 D9 A3 5F 80 04 80 02 00 00 00 07 80 03 00 06 80 04 00 08 80 05 00 0C 80 B5 EA C0 A1 E4 12 9C 54 06 00 0B 00 00 80 07 00 00 00 01 00 00 80 08 00 00 00 05 00 00 80 09 00 00 00 03 00 00 80 0A 00 00 00 09 00 00 80 0B 00 00 00 02 00 00 80 0C 00 00 00 0A 51 E2 BB CC 04 08 76 FF FF FF FF FF FF FF FF E3 22 58 A5 6D 55 F8 70 0D FC B9 34 75 AE 70 78 3C CB 8A 60 E2 D4 31 70 09 45 93 13 3A 01 65 DE BD 2D 5F 46 F7 DE 0B 01 02 08 0C 0A 01 09 03 02 04 0B 0D 07 05 0E 01 0C 02 50 01 02 01 12 02 0C 01 02 02 01 02 01 07 01 03 03 04 01 04 01 03 01 00 03 F7 05 01 01 00 20 20 41 4E 59 28 20 20 29 00 38 2B 27 E8 00 05 00 03 FA 3B EA 00 28 E9 F9 03 3A ED 29 EB 39 EC F4 FF FF FF 37 00 5F 00 00 00 00 36 5E 34 5C 35 5D 15 0D 01 0F 10 11 12 13 14 15 17 16 06 18 19 1A 1B 1C 1D 1E 1F 20 00 21 32 00 F2 00 4D F1 4C 63 2D F4 08 2A 84 00 2B D1 2E 07 01 30 26 31 28 33 2D 2C 36 2F 38 FE FD FF FF FF FC FF FF FF FA FB 1E 51 BF 00 C0 C1 C2 87 89 88 A2 B4 B8 94 AB 9A 9B 97 A4 95 A0 8A 90 92 AF A9 A8 A7 A1 9F 96 9D B6 00 BB BC BD BE 8D 8E A6 A3 9E A5 9C B0 AA 93 B7 B9 B3 AE 91 B5 B1 BA 8B 8C 8F 98 AC AD B2 99 50 66 67 74 6B 68 78 69 83 81 77 76 79 7A 6E 6A 6C 72 73 75 6D 7E 7D 7C 7B 71 6F 70 82 80 7F F6 FF FF FF F5 FF FF FF 4A D3 42 22 21 54 00 22 55 48 39 23 56 43 25 26 5A 46 31 24 57 44 29 1E 59 00 20 30 01 1F 2F 17 FF 18 00 19 FD 1A FE 00 41 08 01 1B 52 00 1C 53 00 1D 5B 00 25 58 45 2E 3E 60 40 EE 3F 65 00 47 35 01 02 27 01 F3 FF FF FF F7 FF FF FF 49 37 4B F2 FF FF FF 0E C3 C4 C5 C6 C7 C8 C9 CA CB CC CD CE CF D0 F8 FF FF FF 00 FA 43 00 03 13 DA 08 F3 DE 0E 01 D9 11 F8 00 D6 10 86 E5 0A FB E1 06 D2 E0 13 33 01 D4 0F 85 00 DB 09 F5 DF 05 4F D5 15 64 E6 16 32 01 E2 0B 23 E4 0D 2C E3 14 24 DD 12 01 D8 04 F0 00 D7 07 EF DC 0C 2A 01 09 80 0B 09 02 03 E7 F6 01 01 02 00 01 57 2C 20 20 29 00 80 0B 09 0A 01 02 28 4C 4C 47 20 29 01 0C 01 2D 09 C0 06 01 29 61 00 3F 3D 00 62 00 3C 61 4E FC 00 00 00 00 00 00 00 00 00 00 00 00 00 00 00 00 06 8B 92 92 96 96 92 92 99 92 92 96 00 28 9D 8F 8F 8F 8F 99 8F 8F 8F 2B 8F 8F 8F 8F 8F 8F 9F 8F 9F 2D 8F 8F 8F 29 8F 8F 8F 8F 3B 8F A9 8F 8F 8F 29 8F 9D 9F 4F 29 23 78 8F 8F 2F 8F 99 2D 21 28 8F 8F 2D 29 2D 29 2F 5F 99 9B C9 99 8F 9D 2D 2B 3B 8D 87 87 87 2F 87 79 F8 D0 87 94 7A 8F 87 8E 8F 7A 35 28 78 62 3C 87 87 87 7F 98 87 87 26 8B 7C F8 F8 87 87 87 7D 90 49 78 98 79 F8 F8 D0 87 7A F0 F0 F8 F8 78 F0 A8 78 F8 F8 F8 F8 C8 78 F8 F8 F8 F8 C0 25 7C F8 F8 F8 F8 C8 87 7C F8 F8 F8 F0 87 52 58 28 78 F8 F8 D0 87 52 78 F8 F8 F8 D8 87 2C 20 51 78 F8 F8 F8 A8 87 76 78 A0 7E F8 F8 87 87 23 28 38 7D F8 F8 D0 7F F0 78 F8 F8 E0 87 49 78 E8 F9 F8 F8 E0 8E 52 40 30 78 F8 F8 E0 87 7D F8 F8 F8 F8 BB 87 7B 78 F8 F8 E0 87 87 87 87 2D 99 69 78 F8 F8 F8 98 87 7C F8 F8 98 38 87 23 91 3E 91 39 7D F8 F8 F8 F8 C0 7D F0 F0 F0 30 48 50 78 78 F8 F8 F8 E8 68 38 87 87 87 6E 87 7F E0 41 7A F8 F8 7E F8 E8 27 47 78 F8 F8 90 3F 7E F8 F8 B8 F1 C0 40 38 78 F8 B8 87 21 40 78 F8 B8 37 20 68 78 F8 B8 87 22 48 78 F8 B8 38 3B 78 F0 C0 40 38 78 E0 25 22 22 3A 21 87 7C F8 F8 A0 F9 F8 F8 28 20 87 26 28 60 28 59 35 24 79 E8 50 7B F0 78 A0 7E F8 B0 24 2B 7D F0 46 79 F8 78 7C F0 78 B8 7A F0 C0 50 58 78 F8 78 3F 78 F0 C0 40 68 3F 87 25 78 C8 7B D0 78 B0 7C 60 68 60 42 78 F0 98 91 8D 3B 55 87 7A F0 98 38 87 2C 20 60 78 F8 90 79 60 9C 25 78 40 38 20 24 28 39 8F 7A F0 F0 A0 30 78 87 54 87 2B 40 38 58 78 F8 F8 C0 87 79 F8 F8 F8 90 87 7A F8 F8 F8 38 79 F8 F8 F8 28 22 78 F0 F0 F0 68 78 F0 F0 F8 50 79 F8 F8 F8 40 79 F8 F8 F8 30 78 F8 F8 F8 90 7A F0 F0 F0 A8 28 68 87 56 8F 28 8D B3 87 31 4D 38 22 87 7A A0 50 20 20 21 21 21 34 30 2F 38 68 7D C8 48 38 87 42 79 21 87 8C 23 78 F8 F8 30 40 30 48 78 F0 7A 40 78 40 78 60 78 78 78 60 78 58 78 F8 7A 48 78 68 78 B0 70 60 78 A8 78 90 7A B8 78 A0 78 90 78 F8 78 40 20 37 30 5F 87 2C 8C 2B 8F 31 87 23 30 87 33 8C 35 89 3F 91 2F 28 37 92 87 21 4B 5F B1 4B 89 5F 87 54 61 5D 7B 50 8A 5D B1 68 8D 56 87 DF 8C 5D 43 32 87 4D 51 58 2B 87 61 89 2E 8E 2B 87 3E 40 78 A0 78 F8 A0 29 39 48 38 FA C0 FA 98 36 F9 A0 20 34 F9 90 36 7A A0 37 F9 A8 35 F9 A0 87 37 F9 D8 58 28 F2 98 C1 2B F1 38 35 FA 90 AF F1 B0 28 28 79 B8 23 30 F9 A0 87 29 F9 A8 3B FA A0 20 38 7A A8 35 F9 A0 26 30 FA 90 51 32 F9 E8 33 F1 98 99 32 FA A0 35 F1 98 E1 78 A8 8C 87 34 F9 A0 32 79 B0 87 31 F9 A0 40 30 F1 98 F9 F9 90 39 26 30 F9 90 F9 B8 FA A8 2D 30 78 A8 37 F9 D8 33 FA 90 29 36 F9 90 51 28 F9 98 FA 79 E8 7A A8 78 30 F9 98 87 A6 FB A0 3A F3 A0 28 22 28 FA A8 97 2B F9 A8 87 4A 7A B0 8B 34 79 A0 33 F1 30 2A 30 F9 90 31 38 FA A0 32 7A B0 87 33 F2 98 99 2C FA A0 33 FB A0 3F 31 F1 F0 A8 B1 F1 F0 A8 B1 F1 F0 A8 A9 FA 90 F9 B1 F1 F0 A8 B1 F1 F0 A8 B1 F1 F0 50 7D A8 44 F9 C8 42 F1 D8 C1 F1 D8 C1 F1 D8 C1 F1 D8 C1 F1 D8 C1 F9 90 69 F2 98 F9 F2 58 C1 F9 D0 C1 F1 D8 C1 F1 D8 C1 F9 D0 51 78 C0 78 F8 48 B9 22 7B A0 50 78 98 28 87 7A 98 50 48 78 E8 7E C0 87 7A A0 78 E0 30 78 98 7B A8 7C 98 38 28 78 98 48 78 98 21 87 7A E0 7E 98 48 78 98 28 78 98 50 78 98 7E A0 D5 87 87 87 2A 78 D0 78 D0 78 D8 78 F8 98 78 E0 78 A0 78 A0 7A F8 F8 78 F8 F8 98 78 A8 70 78 E8 70 78 F8 A8 28 21 29 8E 87 8E 29 40 49 78 F8 C8 40 87 74 21 79 C8 4B 87 87 7F D0 78 D8 78 C0 78 C8 78 D0 78 98 79 F8 90 7A 20 78 F0 C0 28 20 8E 87 87 6B 20 78 87 31 68 78 25 30 78 D8 F4 98 91 21 68 87 21 73 F1 F1 F1 F1 F1 F1 F1 E9 70 EA 69 E9 E9 E9 E9 E9 E9 A1 38 87 2A 25 87 27 70 7A D0 78 B0 78 38 58 78 90 7B 48 68 78 D0 50 78 F0 70 38 68 78 A8 78 A8 79 7A B0 78 F8 B0 78 72 68 70 50 60 3A 20 20 40 48 29 78 C8 38 00 38 21 91 96 92 92 92 92 92 92 87 93 87 87 87 87 87 87 87 21 87 87 81 01 87 87 87 35 32 B2 40 40 40 40 87 42 58 79 79 48 E1 E1 E1 E1 E1 E1 E1 E1 E1 E1 E1 49 87 8E 4D 79 98 59 B9 D9 9D BB 29 9C 7E C0 3C 79 39 7A 5C 39 99 B9 B9 41 38 B9 99 B9 D9 B9 59 B9 D9 9D 99 B9 BD D9 B9 D9 B9 D9 99 3A 38 B9 B9 B9 B9 B9 B9 B9 B9 99 99 B9 B9 B9 B9 B9 B9 B9 B9 99 99 B9 B2 B9 99 B9 59 B9 D9 B9 D9 99 39 99 B9 B9 59 B9 D2 B9 D9 B9 D9 B9 D9 B9 D9 B9 D1 28 99 87 9A 99 39 B9 99 79 F9 A0 F9 A0 F9 A0 F9 A0 F9 A0 F9 A0 F9 A0 F9 A0 F9 A0 F9 A0 F9 A0 F9 A0 F9 A0 F9 A0 F9 A0 F9 A0 F9 A0 F9 A0 F9 A0 F9 A0 F9

Replace:

8C 06 00 1A 70 80 1A 6E 00 00 00 00 D3 37 00 00 40 49 60 11 95 48 08 08 20 AB 7F 93 2F 99 FE 55 5B 6A A3 FC AF DB FA EF 66 97 F6 FE DF FD C3 0A A3 23 91 D9 FA DD 4F EB BF E4 FE F7 F7 BB 7D 2B DB B5 56 AB AA AA A3 55 55 46 D4 79 09 00 2C 03 23 87 64 58 46 C1 9C D2 17 C7 E2 72 A7 77 2F 91 BB 2D AA 8C 49 9D EE 7B B1 6A 64 43 9A AB 97 DA E1 C4 83 71 6B 12 6A 97 4C FF B7 5B 97 39 E1 EF 63 0B 33 DD C6 CC E4 FD D3 5E BD C9 6A E4 53 B7 43 2B 24 9B FF CB 9F 76 4D 25 5C D9 F8 F5 FB 01 79 E6 23 4B E1 29 D5 F7 99 B9 47 13 50 DA 19 6D C1 DB FF 6C BE 72 39 B9 31 81 5E 83 49 41 43 56 E5 F4 34 F7 88 D2 6D D3 E6 5F F7 AE 3C DA AD F7 3A A9 A7 CE 44 5E 39 BD 51 B6 97 8D 2B 50 7C 8C 9D 6B 57 F2 5F 5F 44 E1 64 8B A7 AB 63 7A 0F 27 B7 67 EE 68 19 F8 DF 26 4B 9D F5 FF 1A 02 E7 CF D8 7C 7E CD 92 C2 3F 96 78 D7 ED 2E 0D 5E 75 B3 67 D5 93 6F D7 FF 7F 2A E0 E7 D7 EA 47 6F AF 0F 6C 8D D2 9C 9B DF D5 9E B5 2A 7F E2 5B 63 59 09 E1 F7 2C 2F 8F A9 6D 78 C7 A9 7E B0 BD 72 C9 82 71 57 13 CA 87 DB 2B 34 9D 11 1D D3 6E BE BE B8 BF 6B 4F 5C 6A CA 97 E2 45 38 21 B3 71 1A 15 A2 78 95 E6 F3 A5 71 D5 99 A5 17 AE 58 7B 27 3A 77 2D F1 D4 FB BB BD 28 DD A0 0C 4C 1E 34 72 42 81 61 C3 B4 44 CF D2 3D 2D D7 3B 8F A5 3E C4 AC 9D D6 0E FA 76 49 9C B5 C6 6B C2 DE 5C 49 86 F9 D2 B1 13 9D CE 12 AB 8F DA ED 4C 39 71 DB FD E2 E1 87 31 CB 93 03 4F DF AD FE 90 7E 30 A6 F9 F8 FE 26 CB 74 D7 19 C5 B5 DB 5C D6 84 6F 69 EB DA 15 EA 51 17 B6 22 D8 A7 DE 2D 67 A5 60 F1 87 53 8B E9 83 13 C3 C9 39 23 6A A3 B3 66 75 AC 7B 37 F5 DD 21 C9 F8 3F BC 97 0B BE A4 FE 13 B3 F5 93 DF D4 D8 C3 45 1B 46 1E C6 12 CA AC 5A 22 EF D5 33 E7 23 76 65 A1 E8 3F 45 EB 86 8F 3F 39 E0 67 5E 9E 3F 0D C2 22 C3 0F 7E 0A 0D 55 E9 EC 9A 1B 4F 79 D5 A7 E6 EE DB 61 E3 E3 B1 7C 58 57 46 14 95 64 DD D2 91 3A AE FE 6D 62 99 6F D7 90 25 2F 86 1E AC F8 36 2C CE F2 99 7B 63 7B DE BD 63 97 0A EC 5C 84 03 49 86 85 FF 72 EE 86 B4 EC D5 0C 1A EE DE 5A C8 9F 33 36 35 C9 F0 66 87 6B 7B 2C C7 32 4F 92 5A FE BC A2 D6 A5 B3 67 D2 55 C5 F6 B8 8F 6C C1 A6 31 4F 07 2F 58 3A 64 81 4C 37 35 B9 22 53 B8 8D 7B BF 30 C6 2B 82 1F F1 CF D0 C7 CE 9F D9 0E 49 7B FE CD FF 24 DA 53 7C 8F B5 A6 B1 B2 37 6B 37 87 DA BE C9 5F D1 90 3D E5 75 7D C5 A4 AB AF D3 47 BA 7A 73 73 57 5C 43 3F E3 D5 D7 F8 45 27 D7 FF D3 B4 DD 67 7A 66 72 E8 DD 79 B5 3E F7 35 56 D5 76 37 2A 3E C6 4D 7D 7D BE DE D6 3E 2E 2B 7D F6 6D BB 12 BE C1 EE 9F B0 4D A5 CB D6 F5 89 DE E1 AE 67 1F 50 25 0B 3F 96 EC 0A 3B B1 20 32 A4 F8 4A D7 11 95 A4 A9 31 74 E5 91 DD 36 9A E4 AB BF 7D 2D FC C7 74 7D 78 C0 D5 49 BE 37 FE 0E C8 6E 7E F4 B2 C2 3B 2B AD F4 F7 AF CE 2D EC 99 33 9B 4A 72 89 B5 31 EF 9F 48 C4 BE F9 9B F2 85 35 E6 EC FE F8 F8 C3 AF B8 8D 0F 27 88 FD EC 03 92 77 6D 69 ED AD 9A 97 05 65 E9 89 E9 49 58 A8 D7 96 83 7B 89 7E 5C 58 A7 89 BA B9 7B AF D8 6C F1 0D EA 4A C5 67 F9 4A 6A 8B AA 2D CE DD 62 E3 93 4F 2E 89 F9 D2 E0 FC 11 73 89 AE 27 76 E5 43 8F 3F B5 68 B3 3B BC 6D 16 F8 4E F0 2B DF 71 D2 40 27 BE 38 3D AA 2A 21 E2 62 4D 5E F5 A8 B3 87 EB 2A 95 6A CD 62 4B 0F 8B 8E E2 58 87 33 8B 04 69 BD CF EE FC 99 B6 87 13 25 79 F9 C7 E6 35 F5 C7 ED 13 3E 65 74 BC BA B5 2E F6 B9 6C 5A 47 53 42 79 E1 D7 85 FD 1E F5 1C 95 FE 76 CB DD 57 69 76 06 F4 C5 D7 44 57 6E 8D 7D 72 D2 69 D7 AE 76 59 91 F3 E0 EC D7 B3 87 C7 84 1E 9F 7C 88 78 BB 71 EB AC CB 85 F9 AB 06 F7 7A F3 9F EF AB 89 88 EA 4D 98 A5 8E CB FA AB 3C 64 BA DB F7 C9 47 62 56 1C A9 4E 35 BE 1F 1E B4 61 47 F4 F6 94 35 23 76 8F 90 0D 8B 3D 11 93 EC F6 BD 72 49 CF EF CD 15 0F 66 44 39 06 A4 17 A7 DC 68 5C C6 5D BF D1 BE C0 69 DB 81 9B DB 16 66 DD BB CD 15 DD 5F 9D BA 76 74 F0 B0 B2 C5 41 6F E9 FD 9B CF 6C 0C C9 29 DF 1E 7F E2 5C 6B 94 FF A1 A5 F7 ED 2E AF 50 7C 5E B5 55 7F AF 67 F2 9A 1F CD A4 BA DB 79 77 E3 B2 BE 15 6C 81 7D 4E B3 EB DF 83 95 C7 17 CE EB 3B F6 EF 94 38 EC 6C 59 C3 B8 5B AE 81 2E F9 01 2F F2 F7 EF 5C 55 94 6C 2D B5 EB 6A 73 DD C0 38 E6 EB 03 AE AF AF 7A 97 BB 22 EF B5 D7 DC BC 8A 67 81 F6 6A 9E 6D 75 B5 B2 38 90 6F 85 CF DB 53 1C 14 5D 90 EE DC F0 E0 BD 3C 25 97 98 31 EE F5 BB B1 DE 32 51 DC BA F0 CF 45 AB AC F2 D7 3B D7 06 4F 9F 1E 73 61 F5 F3 43 82 9A 96 80 A4 DD 61 2B 4E 3E 2A 88 66 E6 1D C8 A9 3D FE B0 7D CA 23 55 C1 1B D7 2F 5D 6D 51 AB 1F 3C 9E 58 4D 67 2F 62 67 9F 80 4B DA 57 41 43 FE 77 91 0D FB F5 68 C6 D6 A8 EA 85 58 76 A7 49 51 DC 53 E6 E4 C0 3F 9D 20 DD 57 52 EE 7F A1 65 88 7C D4 D9 EC A5 9C FE 2B 22 4C 9A 08 9E 43 17 DE EA CE BB 93 5D FC E3 F9 EC A5 07 3F 0B 0E 9E 74 BC 16 90 EB BA E9 C2 4A 87 BE 4A E5 BC 4F D6 43 D7 A9 5C DC D3 7D EF 4C 29 AB C5 23 D2 4F FC 70 68 28 2D FD 57 2A 7B 7A 20 4F 3D 3B F0 D3 E4 12 EB 06 DE CE A1 43 C6 C9 67 CC 5A 95 FC EF AD 57 4F 8E 64 8B 86 8D 7F 56 70 54 15 76 E9 BD 75 ED 3A 2B 7B D2 A1 A4 48 E1 6D 2A 24 2B 2F 9F 0E 02 95 E7 10 87 0B CF 63 25 76 C5 4E 16 9E 7F 84 45 18 17 0B 1C 79 BB 1D 33 55 23 F6 E9 DD 07 BF CC D6 E4 ED 7F 7E 69 F9 5D 50 CE A8 33 EC D1 54 B8 57 F3 DC 0F 87 B6 8E F8 B0 D7 61 52 66 D7 1B F5 CC 5A D8 B6 F8 D6 2B E2 CE 9C 3F 5F B5 1D 0B E0 73 97 75 CD 8B FB 3D 7A 2F 2E F9 46 79 DE 98 37 3B 7B 69 B4 F7 19 CF F9 F2 EB 67 C2 8F BF 9E FE 71 66 7E DC 96 53 F3 C3 57 E7 86 8A 1E 4C 9F 3F 4B B3 7C D4 9E C1 69 77 D2 46 52 BF 04 BA 9B F7 6B FB 23 72 00 0C 34 1E 6D 72 CF 27 E6 AB C2 71 97 27 29 23 C2 9A F1 BC 22 5B FB 1D 71 8F 5F 15 97 DC 85 E0 E6 4B F3 B3 59 B4 50 22 F9 39 1F 67 C5 4E 47 E1 0D 55 51 E2 93 A2 F4 4D 78 FC 37 C2 60 FE 9C 6E 7D DA 9C 46 97 99 B2 89 CF 67 67 1D A9 24 C2 9A CA 27 71 15 4F B5 2B F6 FD 79 32 3D F7 8E 4D EC FD 5C 08 5C 4E 6B FF F1 62 76 6D F6 78 5F 39 50 6E 9E AA 9B 91 B1 CE D6 EE AC E2 D8 BC 2F 3B 1A DF EA 8D F6 CF E9 8E C8 72 55 43 A2 74 A8 28 B6 FE 7A 7E B8 E7 66 C7 85 5D D2 A1 57 ED FB F4 C8 F5 ED CD 9C E9 FE FC DF E5 8E AE 53 7A DE 5F AF B6 03 2B 99 FB F5 ED DB DC C1 AB BB FA 0D A5 10 82 05 13 4F CD D4 EA C1 82 F8 46 4E F5 31 5F 2A 29 ED 6D 6F 13 5F 1F EE 6D FF 2E A9 C8 B7 74 74 4C 67 35 29 3A D8 F3 3E 7C FA 97 3B 3A A3 DF 9A E2 53 CB DB A1 62 F9 E7 64 D6 91 90 9C 9A 6D 07 07 81 C1 F1 CA A0 E5 E2 71 D3 B3 53 EF 5C BF B4 51 9C D2 DB 5A ED BA EE 9E B7 F2 17 68 97 DA 66 A2 77 EE 89 CF 4C F2 E2 4C CA 51 FC 3C 5B D5 EC 3C 78 FC AF 1D 4B 99 76 15 01 27 F6 F2 62 3D 5C 73 93 97 D8 EB E4 5A 8C FF 45 16 9E F7 56 A5 B1 D5 F5 79 FA 78 2A 5E 29 AF 29 AC 4B F1 7F AA ED 53 2A AF 2C 4F A7 59 8E B3 F0 4A E2 EA 2F 8F 4F 0F 76 68 3F EE 48 6D 4E 23 3E 95 F2 DE 28 EA 98 D9 54 5F 92 7F 23 05 E3 64 5B 61 8A 55 BE EB B1 5E 55 DB 53 D8 7A 1C 0E 1B B6 BD 8A E4 EB 44 7C 65 5C D1 6F D2 FE D4 26 0C C3 9D 71 F1 6D E2 E8 A0 7E DF E1 5E F8 AE 3E 07 E8 65 40 EE 28 B2 D6 65 F9 B3 EA E3 51 FC FE 4B BB A7 28 6C 33 63 92 C5 D3 55 4B 66 C7 3C BC B2 DE 40 F2 BC B3 10 15 1E 4D C3 1F 88 A0 5F 3D 9B FD AC 52 7E 37 80 52 51 2E 3D BF 38 3C 71 9B A7 DA A8 EE 04 85 46 66 D7 28 88 B0 C9 8D 5E 93 07 DE 5F BA 07 8C F7 68 CC 77 BE B3 3B 76 95 D9 19 CB B1 CC 60 15 6C 98 02 FE D2 79 66 B5 E0 FD 4B C3 11 97 5C E4 93 56 C0 1F 0B BA 98 93 45 07 E3 D7 E9 3B 3F 73 B5 67 6A 9D 9E 93 3D 44 4B E7 1B 6C 85 23 FA 9A 1E 46 B7 9B 45 82 F4 67 38 D7 3C DD 4C C4 EE 86 FC 65 BE 4A 7F A9 DF 66 BF FE 33 76 EA 42 78 7B AB 70 F7 4A 4B EF 0F 95 B0 F5 8B 9E 15 05 C6 B8 53 CD 58 75 11 BC 6D E6 64 3D 73 1B DC 66 EB C5 31 04 73 6D 7E 96 6F CA D7 6D F4 D2 23 B9 F8 88 F3 F1 2D 1E 4C 6F 8B 06 23 63 CB F8 94 D3 75 F2 BF 6E 98 A5 DF 92 70 FE 45 5A 66 DD 5F 69 F1 0A A6 94 05 F6 19 D7 7E 95 58 6A 49 9C 07 81 5F 13 59 4E D1 0C 64 1A DD B9 CD 15 A8 0F 9E 57 C4 CF 44 B7 13 5C 14 38 DD 7F 6B F5 5F 56 7B E6 19 05 69 CD 79 C7 B6 9C 9D 99 AF 9C DB 1E C6 4B 76 BE 76 F0 9D 96 55 96 9C DE 56 AE 1A 02 7E 61 C0 FE E1 3A DD F4 DA B6 9C BF 9A BC 97 D4 83 2D 5C 8F 8A BC 12 26 91 22 80 9E 02 49 36 5E EA 3A DF 15 B7 EC 2B 06 5D F5 E4 66 7A 94 5C 61 0B A3 B7 3A DE 0A 3B 3F 9E E3 76 A8 AE 2B A8 F1 FB E8 8D 1E 19 03 CE 4B 27 5C B2 4D 5D E5 10 E8 6B FB F3 FF 73 FD BB 7D E2 53 FA A2 B3 5C 50 13 8A D7 22 12 B5 22 8C D4 20 0A 29 70 0C B5 51 08 D9 20 24 47 7D A8 13 B5 63 08 33 F1 10 8B 94 62 A0 01 E9 49 64 8D 18 1A 47 1C 02 09 10 97 55 73 91 1E D9 68 E5 08 21 1E A2 90 35 9F 43 07 2F 1F 9F 32 6B 62 BC 7F 90 AD 9B D6 62 02 5F C0 22 BE 79 93 0D C1 71 41 84 95 08 D3 4E 94 5A 59 72 7E 21 31 A9 92 EB 09 AD 95 CA 8E 02 AE 4A 20 EC 97 72 78 42 2D C1 F1 50 72 05 7D 46 00 15 D1 6C 20 71 9A C7 7D 43 4B 2C C6 F7 35 0E B2 91 88 90 13 87 A4 5C B4 BF 38 BF 08 9A A4 24 12 96 63 D5 49 91 62 4B 97 6E E0 80 1C 07 6B 1A D3 5B 92 91 04 86 23 B5 C8 D0 2B C0 7C 7A 31 93 CA 8C 0A D6 34 11 52 4C 87 94 14 C1 ED 03 05 8D 19 F8 BE 82 92 66 CA 11 97 DA FE 18 F6 04 6B EC 09 D6 A8 35 42 12 D9 EA 71 FD 4F 5A D6 64 0C A1 83 34 26 13 8F 8F 44 80 D1 60 4F F2 4D 24 02 4E 3B C8 00 48 46 8E 82 80 24 71 8D 89 B0 32 21 06 60 12 8B 11 60 6E 0E 08 C6 60 FA E1 24 20 03 4E D2 32 3E 36 E0 0E 42 13 C8 31 1A C7 70 1E 65 C0 5D 2C 74 1C 9C 76 C2 0C 40 E0 16 24 8F A0 95 06 30 30 26 AE 8A 1E 0A 00 C3 74 38 C1 21 00 E7 DA 72 49 9E 88 B5 E0 92 6A 9C 83 E3 CC 00 BF 15 80 0B 60 62 1D 00 00 4C 00 F0 84 14 80 44 EC 20 32 06 8A 34 48 2C 34 0D 6B 57 21 39 DF A4 92 0B 98 6A AE B0 D9 A9 9D E9 2A 41 2C 4D 3A 6B 5D DA 10 FD B3 87 15 50 9A 4F A0 07 00 F8 0D D7 B3 5F F9 0A 5A 46 7B 59 4F 3A 36 3C 37 27 E6 75 64 FD BE 6B 2F BF DF BD 9E 6A 15 FD 73 E3 F2 3F 87 F0 F3 56 5F 9B DB C3 CB 75 7D 5D BB 1A 07 E2 85 34 4E 0B 24 C4 95 6A 1D 8D 3F 2F 1B EA 78 BC 4F 9E 53 A4 2B FC F4 31 3C 1D 8B 99 61 26 0C 03 8C 00 B0 99 EE 7C CC E1 37 56 0E DA 90 44 10 03 00 09 00 16 F6 9B EA DD 42 9D 31 3E 6B 5A 00 98 74 10 2D C4 58 66 70 48 8F 39 30 6E A2 6E 23 87 15 4B 18 9C 06 0B 16 58 36 E6 71 20 09 B8 88 C1 D8 8F AA FF 80 66 4C 1E 03 BC F0 1B EC 9C 2B 00 00 80 D0 5F 5D 46 F6 C8 96 6F 8B 69 2E A1 B5 00 05 5F DF 28 C7 39 E9 A0 C5 12 2C 79 C0 A1 50 18 8D 10 02 77 1D DF FE 35 F3 43 58 C4 FB 06 C3 F1 DC 51 BF B5 2D BB B2 C7 21 60 4D F6 F6 B5 2D 8D FA 9B C4 B7 D2 30 06 65 53 FC CB 16 0E 1E E7 03 A6 58 62 A6 71 53 D0 DE 3B 3B 98 77 B6 F6 F8 C9 FA 47 93 50 EC 2F 34 0D F5 A2 4E 84 30 06 B1 88 20 15 A8 DB 55 82 A4 6C 9F 3D 6A 40 3F 10 E2 22 1A 11 54 3F 83 2C 10 AE E7 A1 12 44 20 84 D3 88 C1 80 45 04 89 30 C6 08 D6 12 CA 4C 4C F3 10 CB AA 11 F2 9F 3A 6E 5A 8A D5 FA 19 E3 7A 7D DD C5 7C B1 5E C8 41 21 A5 7C 46 D5 4A E0 9D 08 99 F5 0F 7C D2 31 84 A7 0C C2 BE 5B F0 06 F5 74 56 08 B5 AC 97 C6 68 35 60 C2 78 1E 06 81 E1 A5 2F DF 08 0C 42 18 2B 6F 66 2D C9 20 2E 1B A8 EA 0F 14 B9 99 78 22 13 A6 A2 BF B8 12 2A D2 A0 37 02 87 12 69 91 04 93 58 88 40 AE A3 3B 4D 28 D2 C8 DA AA 6D A0 EF A3 19 AD 17 90 2C 87 11 F6 E2 9A 26 96 D4 EB FA 9B 29 1B 99 B9 B5 CB 47 29 45 72 49 03 CB 1A 54 C0 47 FD 4D 63 C5 13 AD 15 41 D8 63 61 3B 21 34 D9 11 26 5E B0 82 ED 78 2F A3 3D CB F4 E2 70 84 63 22 2E 86 FA 49 13 2B 43 DF 39 98 94 02 B5 93 19 48 44 72 9C 96 80 01 A7 91 9B 11 03 4A 43 F0 7E 0A 75 1A 2D 32 8A 19 8C 01 E4 06 0C 4D 61 8C 83 91 A3 23 02 0D E6 8C 33 41 8B 04 42 06 74 84 1A 03 90 0A 7A D5 56 38 26 60 0D 6A FD 00 87 01 2E A6 60 08 12 5C 0C 38 D8 02 0D 3C F0 A3 F8 AD 6A 04 08 70 64 AA 03 5A CA E2 2C 20 00 1D 80 08 01 00 00 00 00 6B 0E E2 50 8B 61 5A 4C AD 06 57 BD C4 C8 11 1B 71 04 42 A2 9F C3 ED A1 9B 69 0F B9 8A 74 69 6D A6 CC BA 94 3D 18 2B A3 0D 40 08 58 10 D1 37 00 80 F1 24 29 0A 67 65 75 32 8F 56 4E 80 34 A9 C7 2A DA 6B EF 8D A2 9E 8D AE 47 8E 9C FE FB CD C7 A3 55 2E 9E 11 3B DD 95 B5 F3 17 74 0C B4 DC 03 16 BA 6B BF CC 22 C0 A0 7D C2 BB 19 F4 D7 DC DF BD B3 B6 55 AD D5 5B F6 97 4C 16 01 43 71 19 21 48 81 C5 19 9C 83 C6 79 3D F6 FC DE 47 48 70 75 14 D3 7C 07 80 05 00 78 C1 1E CD C6 31 CC 80 31 EE 50 66 D7 00 0A 92 A2 B8 86 D0 7E 21 E9 DF 6A 69 00 27 30 D9 B1 6A 52 CF 32 CC 37 36 EA 07 40 2F 6E A2 EA F5 F5 5F 04 31 2C EF AB E7 C2 D2 7B 6C 58 B0 37 00 80 72 BC A5 11 54 2C 45 8B D5 EC 86 79 D6 95 1A 8C CB 28 59 0E 9F D3 01 70 07 54 D8 8B 48 B7 49 04 42 21 08 B3 17 A3 D0 CB 19 80 9A FC 1C 42 91 D9 64 65 2C 63 40 25 A2 8B 30 B3 4E 64 DC 33 08 CC 53 D0 00 03 28 68 D8 11 F3 29 65 C7 CD CE B4 30 B9 AD 86 7A 30 48 C8 30 09 5D 96 A9 5A B1 86 02 D0 A7 55 71 DB 4F BF 03 90 78 35 4E B8 29 CE AC 8E DD C5 C8 4B 03 9F 61 4F 83 80 16 3B C5 B6 58 A0 03 0C 00 00 18 8B B1 DE 65 2D DA DF 8C FB 99 70 5A 00 00 34 41 33 05 18 78 20 0F D2 47 E5 72 DC BC FB FA E7 8B 8D BA DB 9D 04 D3 09 5A F0 0C 0B 0C FE 7D BB 00 24 72 FF C3 41 FE C3 7E 22 BE EC B0 BC 06 81 FC 89 8E CF EC EE 7E 43 BF A0 8E 7E 76 DD 28 EC 2E B3 47 16 A7 90 CC B9 A7 B7 EB ED 76 6A 91 8D 80 00 F5 13 77 94 F0 B8 05 B0 2C B9 4F 33 73 46 66 00 5C F5 F8 08 FA 25 C6 48 62 E3 03 C9 84 B2 7B 83 99 C7 34 34 66 AC 28 40 C1 20 E6 45 85 FE 38 00 0B 97 00 00 35 E8 20 04 C0 00 03 C8 E4 65 00 C3 33 50 C9 09 A0 60 C0 77 04 D1 5A E1 F0 05 E8 1B 12 45 C0 96 39 22 B2 23 06 0E 0C 01 01 20 18 4D A0 02 A6 64 EE 40 A0 42 61 1E 81 17 0D 71 C8 06 52 82 7C 00 CD 13 E2 10 99 8E DF E2 DE 2C 34 83 0C C2 18 14 80 AE B0 E4 23 40 18 0C 50 F3 1F C2 90 FB C7 16 98 51 0F AA AD 90 CC 71 02 C4 A5 31 19 D2 0C 84 88 0D B1 21 00 C0 8D AA BA 32 05 2D DB 29 E6 80 A4 65 5F 16 65 A3 6D 4D C7 DA 7D 90 38 93 12 C4 FD 19 57 B2 33 18 14 B8 66 55 27 F7 04 83 48 2B 57 38 D3 71 7C E1 E8 68 ED 72 10 12 74 EC F7 1A 71 5C 6B BD F0 29 48 0A 59 10 9D 65 71 70 7F BA 1D 1A 13 AB 24 2A 60 E3 CA DA 4E B8 16 75 71 E7 B3 CB 6C 57 C6 2B 69 9F 9E F1 B6 DF 37 C4 B1 55 4A 16 60 46 B3 63 F7 15 52 04 FA 66 69 C3 12 56 06 C2 51 D9 4C 50 A3 4F 58 BF D0 79 E4 EA 19 B9 A9 1F 4A E4 07 65 08 24 26 15 33 52 AB 11 0B 7E DA D1 08 85 3F 17 59 2A 30 0F 6A 65 2C 9C 8B 11 F2 FA 79 BC 92 90 EC 5D C7 5C 59 65 9C 90 7B AB D0 63 48 4D 1D 94 68 11 9E A1 22 CB 02 C4 48 B8 70 15 B7 CE 15 02 42 87 34 74 89 48 D4 8F 48 11 B5 11 A8 CD 10 29 22 58 45 08 DD 42 11 22 15 21 1C 4A 47 AA 2A 68 49 AF D0 6A 8C 17 D8 AF 0E DC B6 3B B1 9C DB 5B F2 F6 CD 70 DC C9 9F 67 FA 3F B9 DC 78 BF 97 86 63 7A B2 D9 F8 93 9D 8C 2C D7 FC 97 29 0E C9 F0 E5 F0 B0 F9 59 D2 DC FA AF BD 97 A7 BF AE C7 C5 DF B5 5C 4F 5E 57 40 13 40 03 B1 54 97 C8 62 E8 A8 AB 4F B8 1D 0A B4 95 15 DF 0D 3C BC 97 BF 9A 49 14 1C B5 AB 29 62 B4 AA 99 35 49 55 54 9C CB 92 51 35 DA DD ED 39 57 DF 75 17 5D DD 54 5D BD 90 3E 18 DB 72 B8 A6 97 A1 7A 53 25 EA 23 7A 95 18 9A 48 69 5D 93 AD 06 FC D0 01 00 9C 00 C3 66 E3 E6 F6 F6 76 AB E5 AC 75 77 6F 8D ED C4 59 65 DD B8 B0 2D A7 DC 60 CF F9 96 B7 13 D7 4C 7F A9 EB 5C E6 75 F4 B6 8C 32 F5 E8 E4 1B 57 8E 4C 9D CD 82 48 C8 64 E9 9C DF 7F 51 27 47 75 9E 67 59 2D 12 C9 81 CB 6A 97 CC AD 48 2E 95 8B 7E CD F2 38 4D 4D 75 64 5C F8 22 97 5C 44 4A 11 F3 3C 1A A5 2B 49 E3 38 9C CE CF 6C 74 64 AE 45 13 27 87 7D E3 6D 3F 75 F3 4F 4C E4 0D 1F 87 8C 25 D9 EF 58 BA 59 2F 09 7D F1 9E AC FA 3E B3 27 76 33 0D 77 4A 95 EE 73 75 8D 6F 1E 01 CD 46 63 D0 1A 7C E4 6E 5B 67 AD B2 D6 0E 6E 3B BB 75 BC 67 AD B2 F6 96 BD BB A5 D4 D8 87 FA FF 73 97 D6 E5 69 68 CA 3B 91 4B A2 5C FE 7E 62 24 CB 46 6E 99 27 59 FE 78 68 C5 96 B9 91 93 4A C4 C9 AB A7 C3 D8 D9 30 BA 70 B3 DA 0F 25 93 60 DC 71 ED 63 93 F8 2C 1E B9 70 39 90 E0 8B AF BD 98 68 12 D2 69 12 46 6B 67 51 FE C2 9D 59 3F B1 C9 6C 3C 36 64 C2 88 25 2B 96 C1 C4 3E 0D F7 C2 01 A3 50 92 63 CF C0 7E 48 CA C4 0D FC 26 73 4E B2 FD 7E 7F BA C6 DE 1A 05 4B 35 CF AD 72 6C 9D 2A 94 A5 12 61 9B 57 C2 FD 7E FD C4 D2 4E 1A 63 E1 07 71 52 A3 72 8D 59 0D E2 4E F4 93 27 EE 52 6A 43 F4 9C 82 E1 FF 9D 20 E0 FA 70 AC BC 2C F6 73 9C 1B 13 A4 88 85 97 22 97 22 67 4E E1 76 76 08 71 F4 3A 49 A7 E6 49 4B F6 A4 CD 3F BD 29 B1 86 44 E4 E9 74 F9 F3 92 28 C9 C2 D1 C3 A3 64 88 28 FC 45 14 8F A9 04 BD A9 59 5B A6 EA 44 EA 44 8E 99 32 E4 FD EB 55 D3 F5 B6 55 9D 60 76 F2 DD 53 7F 2D BD C3 B9 CE B5 89 BA AD C0 FD 59 DA 3C 6D 86 83 8C 00 4F D9 E6 9F 03 B6 29 B1 E4 B6 2C A5 AE CB A8 76 13 11 91 C4 45 BF C5 E2 44 AA A8 69 96 C3 10 8F BA DD F7 8A A2 70 C3 4A AA 42 8A F3 22 F7 F1 54 29 A5 94 52 EA C6 AC 46 A7 D3 E9 B8 C5 DD D6 42 2D A0 F7 F5 02 FA 10 50 00 B0 07 AD A1 A1 83 3A 2C 48 92 24 F9 90 24 49 F2 3B 68 92 24 49 02 3F 42 43 43 43 43 A3 84 86 C6 FA C2 FE 4C 92 D3 D7 FF 6C F4 7A BD 8D 8D 5E AF B7 D1 EB F5 7A 1B BD FF 5E 56 61 D5 0C 78 F5 DA F4 35 01 6D B6 D9 6D B3 2D C8 6B 71 6F D8 DA 84 52 BE 32 32 AB 0A 19 9B CC C6 46 A4 F2 46 52 23 2B B6 DB ED BE 5F 14 99 91 E7 22 CB B1 2C BD CF 67 4A 29 A7 94 52 E9 6C 86 4E A7 D3 19 54 FA FB E9 21 34 74 D8 59 E0 1E 00 00 0A 1A F7 35 34 AE 5A F5 21 49 92 24 41 92 24 49 82 24 49 92 FC 61 A7 84 86 46 89 5D EC 62 1D BB D8 C5 67 0B 90 A4 C5 13 00 00 00 00 00 00 3C 13 B3 22 B8 9E 5D 97 9D 4F 01 00 0B 28 52 92 36 EF 36 3A DE 00 00 00 00 00 00 00 12 49 AF 1B DA 51 A1 76 3A C6 80 3C 68 68 68 6D DA 49 24 92 73 E7 72 49 24 92 49 24 92 48 14 A1 A1 D6 76 AD 02 BA 80 50 01 5A FB DA 5F 1A 03 DA 80 CF 07 4E 9D E6 1E CC AF 36 A5 29 6D 4A 52 32 B3 67 9D FE 44 C9 3C B9 3B 1E 48 A2 8B 76 EA BE 5D BE 1E 73 2F F6 34 A5 AB 3D 5E 41 76 22 91 32 C9 89 C4 AF 5C 66 EA 4A F3 6D 79 DB 9B 67 DD B3 6C 40 0A D8 02 24 48 4A 02 23 62 AA AB 90 F0 95 D5 1F 8D 08 D7 4E C1 1E 10 D6 B8 94 C9 1A D5 D4 9D EB 1B 18 14 40 F7 00 00 52 00 14 8C 02 A6 80 52 04 8A 54 28 53 6B 5D 80 E5 CA 29 26 14 A1 C1 75 2B D5 44 BB 36 BB D1 9E 97 45 52 F4 C3 C8 19 0F 54 A5 44 80 55 EB 90 A9 0E CA BC A9 2A CA 0C AD 9C 8E 0A A6 38 2C 51 D2 2A 6B CF EE 79 24 FD DB 4E B9 D0 E1 0D 8F CB CD 67 13 28 00 4C 51 0A 06 5B 20 28 52 06 08 CA A0 87 BE 64 4C 4B 16 26 2C 70 01 6A 86 5D D7 94 3E 1B 95 89 96 BC 25 2F 95 BA 94 60 1A 1A 98 6E 64 B6 68 A0 B9 86 C1 3C 48 34 0A 3F 83 D8 67 37 23 FE C0 7E 62 70 E7 CD 96 13 57 11 A9 8F 42 9A 2B 19 44 34 8F 00 04 AA 09 A8 FA 85 4C 4C 52 C7 8F DE 79 F9 90 F9 67 49 60 A6 1B BC 7C 52 C9 64 F1 16 9A B1 63 8D 4B 35 0B 74 9E F6 F0 AE E9 A0 27 A1 33 D6 6A 06 E1 53 0F 6B A8 C7 C8 27 D6 17 1E 97 21 01 0D 17 7A 96 17 04 F0 26 86 8C 30 A0 D0 60 63 9C AA 01 81 C6 5A 00 56 DB 32 56 6B 93 4A CE 05 58 32 8C 7A 73 99 74 68 4E 7F 8C BB 36 3D E8 FE 52 67 65 2D 3B 6E 52 D2 BB 5C D8 17 08 E6 B2 C2 5E 9F B6 87 33 5E C0 FE 2B 71 57 E7 53 D0 3B 28 AF A4 9F 8D C4 74 BF FE FA FF FB 83 AE F6 FA B1 CB 89 F0 89 65 C2 40 6E 58 36 79 59 1F D6 B0 6E 02 4A BC 46 BC 88 08 2F C9 1E 83 3E 6A B5 E0 D6 81 49 93 41 53 62 3A AA CB 43 90 15 59 E2 AA 7A 4B D9 3E C0 47 29 AA 8B 43 FD 4D 9E 9E 93 CD BC 1A 7F 7E 3B AA D3 6E A5 7A AB 16 77 8A FB 87 ED EE 89 99 F1 E9 DD FB BE FF 2B E0 83 4C 43 05 99 81 90 29 D1 7C DB AD 7D 02 7B 24 77 09 7E 1A 6A 61 03 50 2A 6D 18 00 01 D7 76 CF 83 FC D0 6F 59 79 B3 7F 0B 5C 57 11 C4 D8 B8 FD F9 F3 C3 A6 3A 31 9B AF B7 45 72 EC E6 2D 98 77 19 8F F4 BB 79 10 44 F3 5E F1 C1 B5 31 9A DF 53 6A BA 9F F9 0E C5 78 0D EE 58 DA E2 F1 4A F9 E3 B1 7A 2E 8D 40 08 2C 01 28 48 42 00 80 80 89 CC 84 92 25 9D 90 92 75 48 78 FA E8 09 D1 E9 55 29 B4 5A 8A F8 10 92 94 00 00 32 00 79 3F 30 10 92 8A 1E 59 EA CD 49 FD 69 FD 9E 76 9F 9E DA B5 C5 AF 37 5F D6 B5 97 7B 8A EF 7E D9 5C D3 53 26 92 D1 27 B9 D5 A6 32 80 D9 25 84 14 D5 00 85 A6 02 48 52 FD 9C B3 1F CE ED 76 22 7E EB 29 F7 7A 5D A9 C7 4B 2E 65 EE FB A7 F3 73 DD DE B6 EF 6A 16 18 69 37 D9 45 D8 C3 0A 82 44 02 31 03 05 28 C7 B0 A8 42 E6 F5 6A F5 66 D4 A1 0E 83 A6 E0 B6 5E DD 76 7D 9E 58 BE 0E 72 55 F5 73 AB E1 FA F4 DD 03 F5 FB 7D A7 6E C7 D2 45 12 EB 50 79 27 00 DA 1B 41 3A 2C 4B 7A 57 5F 03 36 B1 7D F9 B2 F7 D2 A7 53 9D BD 25 97 F6 B8 B3 01 00 00 00 00 00 00 C6 00 60 9D C6 3B 46 48 2E D6 A2 65 EA EA DD 53 DB A5 10 18 C4 53 69 3E 59 D2 C8 DF 3F D0 00 00 00 00 00 00 00 18 00 65 FD F7 5F 00 8A 32 00 0C 00 00 00 00 00 00 00 39 B1 D3 3A 73 C9 0F 3A 8C 79 E3 4C 97 65 48 F7 A3 F7 BD E8 59 65 48 E6 94 4A 00 03 11 10 05 55 10 20 32 93 AB 0E 00 33 D1 92 04 B0 A6 11 08 0E 17 70 4C 12 5E 40 32 D0 32 C8 8F 40 33 EE F7 13 58 0C 0B 60 C8 89 6E 0D EF 46 00 1B 0A DF A4 2C 42 80 B0 0C CC C8 CD 66 44 00 CF 0C CB 35 3F FC A4 16 C8 0F 47 D9 96 A4 6A E0 34 C7 06 62 2C 33 C2 82 4B 9A C0 00 1B A4 DD 80 05 00 02 08 2B 18 C1 F0 0C 10 05 C5 D6 74 46 84 D1 10 F9 43 C1 61 60 83 F8 A1 B5 22 90 43 12 C4 22 30 5A 8B BE C7 20 00 18 4E 0F 96 8F 91 85 B3 20 88 DF B0 A2 A0 1F 70 9D 88 F7 A0 76 AD 1E C3 66 AC 51 3F A0 47 A5 81 C8 06 11 92 8A A0 7B C9 60 C5 0C 72 02 22 20 39 96 A8 9B CF 34 7B 1C CA 06 60 5A 00 B5 0F 78 B0 18 5E C3 8C 20 5C 81 28 81 C4 12 0E 41 11 7A 47 89 2B 92 AA 05 00 48 B8 98 1D BB BB C7 43 43 97 5D 40 8C 90 55 00 20 00 AE 80 C0 FA 03 58 D6 6B 04 00 82 CB 2B C5 0A 48 2F E6 E7 2F C2 51 2D 22 E2 DD 55 8C AE B8 44 A3 8D AA 09 94 06 FF 74 42 68 0A 25 8C 51 69 D5 34 21 46 73 79 00 81 0A 00 1F F4 58 C4 46 D0 E3 F9 DF E0 21 9D 11 1D 63 8A 56 18 8E 1F 81 22 02 5F CE F3 ED 89 C3 26 02 8B 88 08 4E 87 98 74 13 45 7C 97 4F 84 23 98 93 60 E6 DC C5 98 19 4B 16 8B 08 85 00 34 0C 9C 74 C6 27 21 5C C8 00 C4 6A 45 B0 A3 6E B4 0C 8B 75 06 F6 4D ED AA 1A 67 00 D1 34 81 79 08 38 30 E0 20 05 E8 05 40 40 4B 80 89 86 97 12 D8 60 9B 84 12 90 02 64 E9 61 81 99 06 29 CB CC CC 59 4A A1 0A 1A 4C 3A 37 B9 82 02 11 A3 53 38 14 5D 40 0F 40 00 00 60 04 06 02 44 62