All Defaults to Boba Fett
Icon: https://fortnite-api.com/images/cosmetics/br/CID_A_309_Athena_Commando_M_OrbitTeal_9RBJL/icon.png
This swap was created by Wslt!
Socials:
https://github.com/CodeWslt
https://galaxyswapperv2.com/Discord
Do not reupload this without permission from Wslt. You can contact me at any of my socials!

----------------------------------------

Search (pakchunk20-WindowsClient.ucas):

00 00 00 00 34 03 00 00 08 00 00 00 00 00 00 00 00 22 00 80 57 05 00 00 48 02 00 00 48 02 00 00 70 02 00 00 00 03 00 00 20 03 00 00 09 00 00 00 AA 01 00 00 00 00 64 C1 00 00 00 00 DA 19 08 98 2C 90 E2 24 EC 8C 8B 40 0B 00 A6 3E 5C 84 C5 29 DF 2A 13 2A 9F DB 75 B7 55 11 11 B0 3E 19 84 84 56 98 AE EF 49 77 72 88 86 14 98 7C 39 2A 35 BA ED A8 A8 7A 16 2A 65 C7 83 C6 1F A4 21 3F C6 3A CB 31 D9 A4 00 44 00 4B 00 64 00 0B 00 26 00 19 00 1B 00 18 00 3A 2F 47 61 6D 65 2F 43 68 61 72 61 63 74 65 72 73 2F 50 6C 61 79 65 72 2F 46 65 6D 61 6C 65 2F 4D 65 64 69 75 6D 2F 42 61 73 65 2F 53 4B 5F 4D 5F 46 65 6D 61 6C 65 5F 42 61 73 65 5F 53 6B 65 6C 65 74 6F 6E 2F 47 61 6D 65 2F 43 68 61 72 61 63 74 65 72 73 2F 50 6C 61 79 65 72 2F 46 65 6D 61 6C 65 2F 4D 65 64 69 75 6D 2F 42 6F 64 69 65 73 2F 46 5F 4D 45 44 5F 50 72 69 6D 65 2F 4D 65 73 68 65 73 2F 46 5F 4D 45 44 5F 50 72 69 6D 65 2F 47 61 6D 65 2F 43 68 61 72 61 63 74 65 72 73 2F 50 6C 61 79 65 72 2F 46 65 6D 61 6C 65 2F 4D 65 64 69 75 6D 2F 42 6F 64 69 65 73 2F 46 5F 4D 45 44 5F 50 72 69 6D 65 2F 4D 65 73 68 65 73 2F 46 5F 4D 45 44 5F 50 72 69 6D 65 5F 53 6B 65 6C 65 74 6F 6E 5F 41 6E 69 6D 42 6C 75 65 70 72 69 6E 74 5F 41 46 5F 4D 45 44 5F 50 72 69 6D 65 46 5F 4D 45 44 5F 50 72 69 6D 65 5F 53 6B 65 6C 65 74 6F 6E 5F 41 6E 69 6D 42 6C 75 65 70 72 69 6E 74 5F 41 5F 43 53 4B 5F 4D 5F 46 65 6D 61 6C 65 5F 42 61 73 65 5F 53 6B 65 6C 65 74 6F 6E 43 75 73 74 6F 6D 43 68 61 72 61 63 74 65 72 42 6F 64 79 50 61 72 74 44 61 74 61 43 50 5F 41 74 68 65 6E 61 5F 42 6F 64 79 5F 46 5F 50 72 69 6D 65 5F 41 2F 47 61 6D 65 2F 41 74 68 65 6E 61 2F 48 65 72 6F 65 73 2F 4D 65 73 68 65 73 2F 42 6F 64 69 65 73 2F 43 50 5F 41 74 68 65 6E 61 5F 42 6F 64 79 5F 46 5F 50 72 69 6D 65 5F 41 00 00 00 00 00 00 00 00 54 7B 85 0C 2D 3A EC 7B 7E A2 42 63 10 83 7A 73 E9 71 0B B6 57 37 B4 79 18 69 40 56 99 65 CF 69 E3 22 58 A5 6D 55 F8 70 57 05 00 00 00 00 00 00 1A 00 00 00 00 00 00 00 06 00 00 00 01 00 00 00 01 00 00 00 00 00 00 00 54 7B 85 0C 2D 3A EC 7B FF FF FF FF FF FF FF FF E9 71 0B B6 57 37 B4 79 00 00 00 00 00 00 00 00 00 00 00 00 00 00 00 00 71 05 00 00 00 00 00 00 40 00 00 00 00 00 00 00 07 00 00 00 00 00 00 00 FF FF FF FF FF FF FF FF 7E A2 42 63 10 83 7A 73 FF FF FF FF FF FF FF FF 18 69 40 56 99 65 CF 69 51 C0 8F BB 72 E2 36 C0 0B 00 00 00 00 00 00 00 01 00 00 00 00 00 00 00 00 00 00 00 00 00 00 00 01 00 00 00 01 00 00 00 00 00 00 00 01 00 00 00 00 00 00 00 00 00 00 00 00 00 00 00 04 00 00 00 00 00 00 00 00 06 09 02 05 04 81 03 01 02 02 01 01 00 00 00 01 00 00 00 00 00 00 00 03 00 00 00 00 00 00 00 00 00 00 00 01 00 00 00 00 00 00 00 00 00 00 00 05 00 00 00 00 00 00 00 00 00 00 00 00 00 00 00 00 03 02 00 00 00 00 00 00 00 04 00 00 00 00 00 00 00 00 00 00 00 00 00 00 00 00 00

Replace:

00 00 00 00 AF 02 00 00 08 00 00 00 00 00 00 00 00 22 00 80 D2 04 00 00 C3 01 00 00 C3 01 00 00 EB 01 00 00 7B 02 00 00 9B 02 00 00 09 00 00 00 25 01 00 00 00 00 64 C1 00 00 00 00 00 00 00 00 00 00 00 00 00 00 00 00 00 00 00 3E 5C 84 C5 29 DF 2A 13 2A 9F DB 75 B7 55 11 11 B0 3E 19 84 84 56 98 AE EF 49 77 72 88 86 14 98 7C 39 2A 35 BA ED A8 A8 7A 16 2A 65 C7 83 C6 1F A4 21 3F C6 3A CB 31 D9 A4 00 0A 00 0C 00 64 00 1F 00 26 00 04 00 1B 00 0D 00 3A 2F 47 61 6D 65 2F 57 73 6C 74 2F 47 61 6D 65 2F 67 69 74 68 75 62 2F 47 61 6D 65 2F 43 68 61 72 61 63 74 65 72 73 2F 50 6C 61 79 65 72 2F 46 65 6D 61 6C 65 2F 4D 65 64 69 75 6D 2F 42 6F 64 69 65 73 2F 46 5F 4D 45 44 5F 50 72 69 6D 65 2F 4D 65 73 68 65 73 2F 46 5F 4D 45 44 5F 50 72 69 6D 65 5F 53 6B 65 6C 65 74 6F 6E 5F 41 6E 69 6D 42 6C 75 65 70 72 69 6E 74 5F 41 63 6F 6D 2F 43 6F 64 65 57 73 6C 74 2F 46 6F 72 74 6E 69 74 65 2D 48 65 78 2D 53 77 61 70 73 46 5F 4D 45 44 5F 50 72 69 6D 65 5F 53 6B 65 6C 65 74 6F 6E 5F 41 6E 69 6D 42 6C 75 65 70 72 69 6E 74 5F 41 5F 43 57 73 6C 74 43 75 73 74 6F 6D 43 68 61 72 61 63 74 65 72 42 6F 64 79 50 61 72 74 44 61 74 61 43 72 65 61 74 65 64 42 79 57 73 6C 74 2F 47 61 6D 65 2F 41 74 68 65 6E 61 2F 48 65 72 6F 65 73 2F 4D 65 73 68 65 73 2F 42 6F 64 69 65 73 2F 43 50 5F 41 74 68 65 6E 61 5F 42 6F 64 79 5F 46 5F 50 72 69 6D 65 5F 41 00 00 00 00 00 00 00 00 54 7B 85 0C 2D 3A EC 7B 7E A2 42 63 10 83 7A 73 E9 71 0B B6 57 37 B4 79 18 69 40 56 99 65 CF 69 E3 22 58 A5 6D 55 F8 70 D2 04 00 00 00 00 00 00 1A 00 00 00 00 00 00 00 06 00 00 00 01 00 00 00 01 00 00 00 00 00 00 00 54 7B 85 0C 2D 3A EC 7B FF FF FF FF FF FF FF FF E9 71 0B B6 57 37 B4 79 00 00 00 00 00 00 00 00 00 00 00 00 00 00 00 00 EC 04 00 00 00 00 00 00 40 00 00 00 00 00 00 00 07 00 00 00 00 00 00 00 FF FF FF FF FF FF FF FF 7E A2 42 63 10 83 7A 73 FF FF FF FF FF FF FF FF 18 69 40 56 99 65 CF 69 51 C0 8F BB 72 E2 36 C0 0B 00 00 00 00 00 00 00 01 00 00 00 00 00 00 00 00 00 00 00 00 00 00 00 01 00 00 00 01 00 00 00 00 00 00 00 01 00 00 00 00 00 00 00 00 00 00 00 00 00 00 00 04 00 00 00 00 00 00 00 00 06 09 02 05 04 81 03 01 02 02 01 01 00 00 00 01 00 00 00 00 00 00 00 03 00 00 00 00 00 00 00 00 00 00 00 01 00 00 00 00 00 00 00 00 00 00 00 05 00 00 00 00 00 00 00 00 00 00 00 00 00 00 00 00 03 02 00 00 00 00 00 00 00 04 00 00 00 00 00 00 00 00 00 00 00 00 00 00 00 00 00 00 00 00 00 00 00 00 00 00 00 00 00 00 00 00 00 00 00 00 00 00 00 00 00 00 00 00 00 00 00 00 00 00 00 00 00 00 00 00 00 00 00 00 00 00 00 00 00 00 00 00 00 00 00 00 00 00 00 00 00 00 00 00 00 00 00 00 00 00 00 00 00 00 00 00 00 00 00 00 00 00 00 00 00 00 00 00 00 00 00 00 00 00 00 00 00 00 00 00 00 00 00 00 00 00 00 00 00 00 00 00 00 00 00 00 00 00 00 00 00 00 00 00 00 00 00 00 00 00 00 00

----------------------------------------

Search (pakchunk10-WindowsClient_s1.ucas):

00 00 00 00 30 03 00 00 08 00 00 00 00 00 00 00 00 22 00 80 53 05 00 00 44 02 00 00 44 02 00 00 6C 02 00 00 FC 02 00 00 1C 03 00 00 09 00 00 00 A6 01 00 00 00 00 64 C1 00 00 00 00 DA 19 08 98 2C 90 E2 24 EC 8C 8B 40 0B 00 A6 3E 60 B4 8C 5A FC 0F 5E C7 9F DB 75 B7 55 11 11 B0 12 93 A6 64 BB 09 C4 98 49 77 72 88 86 14 98 7C 39 2A 35 BA ED A8 A8 7A B3 45 3F 60 FB 56 66 7F 3A B3 DA 1D E9 13 2E CB 00 44 00 4B 00 62 00 0B 00 24 00 19 00 1B 00 18 00 3A 2F 47 61 6D 65 2F 43 68 61 72 61 63 74 65 72 73 2F 50 6C 61 79 65 72 2F 46 65 6D 61 6C 65 2F 4D 65 64 69 75 6D 2F 42 61 73 65 2F 53 4B 5F 4D 5F 46 65 6D 61 6C 65 5F 42 61 73 65 5F 53 6B 65 6C 65 74 6F 6E 2F 47 61 6D 65 2F 43 68 61 72 61 63 74 65 72 73 2F 50 6C 61 79 65 72 2F 46 65 6D 61 6C 65 2F 4D 65 64 69 75 6D 2F 42 6F 64 69 65 73 2F 46 5F 4D 45 44 5F 50 72 69 6D 65 2F 4D 65 73 68 65 73 2F 46 5F 4D 45 44 5F 50 72 69 6D 65 2F 47 61 6D 65 2F 43 68 61 72 61 63 74 65 72 73 2F 50 6C 61 79 65 72 2F 46 65 6D 61 6C 65 2F 4D 65 64 69 75 6D 2F 42 6F 64 69 65 73 2F 46 5F 4D 45 44 5F 50 72 69 6D 65 2F 4D 65 73 68 65 73 2F 46 5F 4D 45 44 5F 50 72 69 6D 65 5F 53 6B 65 6C 65 74 6F 6E 5F 41 6E 69 6D 42 6C 75 65 70 72 69 6E 74 46 5F 4D 45 44 5F 50 72 69 6D 65 46 5F 4D 45 44 5F 50 72 69 6D 65 5F 53 6B 65 6C 65 74 6F 6E 5F 41 6E 69 6D 42 6C 75 65 70 72 69 6E 74 5F 43 53 4B 5F 4D 5F 46 65 6D 61 6C 65 5F 42 61 73 65 5F 53 6B 65 6C 65 74 6F 6E 43 75 73 74 6F 6D 43 68 61 72 61 63 74 65 72 42 6F 64 79 50 61 72 74 44 61 74 61 43 50 5F 41 74 68 65 6E 61 5F 42 6F 64 79 5F 46 5F 50 72 69 6D 65 5F 42 2F 47 61 6D 65 2F 41 74 68 65 6E 61 2F 48 65 72 6F 65 73 2F 4D 65 73 68 65 73 2F 42 6F 64 69 65 73 2F 43 50 5F 41 74 68 65 6E 61 5F 42 6F 64 79 5F 46 5F 50 72 69 6D 65 5F 42 00 00 00 00 00 00 00 00 54 7B 85 0C 2D 3A EC 7B 7E A2 42 63 10 83 7A 73 E9 71 0B B6 57 37 B4 79 18 69 40 56 99 65 CF 69 E3 22 58 A5 6D 55 F8 70 53 05 00 00 00 00 00 00 1A 00 00 00 00 00 00 00 06 00 00 00 01 00 00 00 01 00 00 00 00 00 00 00 54 7B 85 0C 2D 3A EC 7B FF FF FF FF FF FF FF FF E9 71 0B B6 57 37 B4 79 00 00 00 00 00 00 00 00 00 00 00 00 00 00 00 00 6D 05 00 00 00 00 00 00 40 00 00 00 00 00 00 00 07 00 00 00 00 00 00 00 FF FF FF FF FF FF FF FF 7E A2 42 63 10 83 7A 73 FF FF FF FF FF FF FF FF 18 69 40 56 99 65 CF 69 80 DA 44 D0 33 46 E0 B2 0B 00 00 00 00 00 00 00 01 00 00 00 00 00 00 00 00 00 00 00 00 00 00 00 01 00 00 00 01 00 00 00 00 00 00 00 01 00 00 00 00 00 00 00 00 00 00 00 00 00 00 00 04 00 00 00 00 00 00 00 00 06 09 02 05 04 81 03 01 02 02 01 01 00 00 00 01 00 00 00 00 00 00 00 03 00 00 00 00 00 00 00 00 00 00 00 01 00 00 00 00 00 00 00 00 00 00 00 05 00 00 00 00 00 00 00 00 00 00 00 00 00 00 00 00 03 02 00 00 00 00 00 00 00 04 00 00 00 00 00 00 00 00 00 00 00 00 00 00 00 00 00 00 00 30 03

Replace:

00 00 00 00 AB 02 00 00 08 00 00 00 00 00 00 00 00 22 00 80 CE 04 00 00 BF 01 00 00 BF 01 00 00 E7 01 00 00 77 02 00 00 97 02 00 00 09 00 00 00 21 01 00 00 00 00 64 C1 00 00 00 00 00 00 00 00 00 00 00 00 00 00 00 00 00 00 00 3E 60 B4 8C 5A FC 0F 5E C7 9F DB 75 B7 55 11 11 B0 12 93 A6 64 BB 09 C4 98 49 77 72 88 86 14 98 7C 39 2A 35 BA ED A8 A8 7A B3 45 3F 60 FB 56 66 7F 3A B3 DA 1D E9 13 2E CB 00 0A 00 0C 00 62 00 1F 00 24 00 04 00 1B 00 0D 00 3A 2F 47 61 6D 65 2F 57 73 6C 74 2F 47 61 6D 65 2F 67 69 74 68 75 62 2F 47 61 6D 65 2F 43 68 61 72 61 63 74 65 72 73 2F 50 6C 61 79 65 72 2F 46 65 6D 61 6C 65 2F 4D 65 64 69 75 6D 2F 42 6F 64 69 65 73 2F 46 5F 4D 45 44 5F 50 72 69 6D 65 2F 4D 65 73 68 65 73 2F 46 5F 4D 45 44 5F 50 72 69 6D 65 5F 53 6B 65 6C 65 74 6F 6E 5F 41 6E 69 6D 42 6C 75 65 70 72 69 6E 74 63 6F 6D 2F 43 6F 64 65 57 73 6C 74 2F 46 6F 72 74 6E 69 74 65 2D 48 65 78 2D 53 77 61 70 73 46 5F 4D 45 44 5F 50 72 69 6D 65 5F 53 6B 65 6C 65 74 6F 6E 5F 41 6E 69 6D 42 6C 75 65 70 72 69 6E 74 5F 43 57 73 6C 74 43 75 73 74 6F 6D 43 68 61 72 61 63 74 65 72 42 6F 64 79 50 61 72 74 44 61 74 61 43 72 65 61 74 65 64 42 79 57 73 6C 74 2F 47 61 6D 65 2F 41 74 68 65 6E 61 2F 48 65 72 6F 65 73 2F 4D 65 73 68 65 73 2F 42 6F 64 69 65 73 2F 43 50 5F 41 74 68 65 6E 61 5F 42 6F 64 79 5F 46 5F 50 72 69 6D 65 5F 42 00 00 00 00 00 00 00 00 54 7B 85 0C 2D 3A EC 7B 7E A2 42 63 10 83 7A 73 E9 71 0B B6 57 37 B4 79 18 69 40 56 99 65 CF 69 E3 22 58 A5 6D 55 F8 70 CE 04 00 00 00 00 00 00 1A 00 00 00 00 00 00 00 06 00 00 00 01 00 00 00 01 00 00 00 00 00 00 00 54 7B 85 0C 2D 3A EC 7B FF FF FF FF FF FF FF FF E9 71 0B B6 57 37 B4 79 00 00 00 00 00 00 00 00 00 00 00 00 00 00 00 00 E8 04 00 00 00 00 00 00 40 00 00 00 00 00 00 00 07 00 00 00 00 00 00 00 FF FF FF FF FF FF FF FF 7E A2 42 63 10 83 7A 73 FF FF FF FF FF FF FF FF 18 69 40 56 99 65 CF 69 80 DA 44 D0 33 46 E0 B2 0B 00 00 00 00 00 00 00 01 00 00 00 00 00 00 00 00 00 00 00 00 00 00 00 01 00 00 00 01 00 00 00 00 00 00 00 01 00 00 00 00 00 00 00 00 00 00 00 00 00 00 00 04 00 00 00 00 00 00 00 00 06 09 02 05 04 81 03 01 02 02 01 01 00 00 00 01 00 00 00 00 00 00 00 03 00 00 00 00 00 00 00 00 00 00 00 01 00 00 00 00 00 00 00 00 00 00 00 05 00 00 00 00 00 00 00 00 00 00 00 00 00 00 00 00 03 02 00 00 00 00 00 00 00 04 00 00 00 00 00 00 00 00 00 00 00 00 00 00 00 00 00 00 00 00 00 00 00 00 00 00 00 00 00 00 00 00 00 00 00 00 00 00 00 00 00 00 00 00 00 00 00 00 00 00 00 00 00 00 00 00 00 00 00 00 00 00 00 00 00 00 00 00 00 00 00 00 00 00 00 00 00 00 00 00 00 00 00 00 00 00 00 00 00 00 00 00 00 00 00 00 00 00 00 00 00 00 00 00 00 00 00 00 00 00 00 00 00 00 00 00 00 00 00 00 00 00 00 00 00 00 00 00 00 00 00 00 00 00 00 00 00 00 00 00 00 00 00 00 00 00 00 00

----------------------------------------

Search (pakchunk10-WindowsClient_s1.ucas):

00 00 00 00 30 03 00 00 08 00 00 00 00 00 00 00 00 22 00 80 53 05 00 00 44 02 00 00 44 02 00 00 6C 02 00 00 FC 02 00 00 1C 03 00 00 09 00 00 00 A6 01 00 00 00 00 64 C1 00 00 00 00 DA 19 08 98 2C 90 E2 24 EC 8C 8B 40 0B 00 A6 3E 60 B4 8C 5A FC 0F 5E C7 9F DB 75 B7 55 11 11 B0 12 93 A6 64 BB 09 C4 98 49 77 72 88 86 14 98 7C 39 2A 35 BA ED A8 A8 7A 52 15 80 73 FC 07 28 F7 16 32 68 1C D3 2F F1 50 00 44 00 4B 00 62 00 0B 00 24 00 19 00 1B 00 18 00 3A 2F 47 61 6D 65 2F 43 68 61 72 61 63 74 65 72 73 2F 50 6C 61 79 65 72 2F 46 65 6D 61 6C 65 2F 4D 65 64 69 75 6D 2F 42 61 73 65 2F 53 4B 5F 4D 5F 46 65 6D 61 6C 65 5F 42 61 73 65 5F 53 6B 65 6C 65 74 6F 6E 2F 47 61 6D 65 2F 43 68 61 72 61 63 74 65 72 73 2F 50 6C 61 79 65 72 2F 46 65 6D 61 6C 65 2F 4D 65 64 69 75 6D 2F 42 6F 64 69 65 73 2F 46 5F 4D 45 44 5F 50 72 69 6D 65 2F 4D 65 73 68 65 73 2F 46 5F 4D 45 44 5F 50 72 69 6D 65 2F 47 61 6D 65 2F 43 68 61 72 61 63 74 65 72 73 2F 50 6C 61 79 65 72 2F 46 65 6D 61 6C 65 2F 4D 65 64 69 75 6D 2F 42 6F 64 69 65 73 2F 46 5F 4D 45 44 5F 50 72 69 6D 65 2F 4D 65 73 68 65 73 2F 46 5F 4D 45 44 5F 50 72 69 6D 65 5F 53 6B 65 6C 65 74 6F 6E 5F 41 6E 69 6D 42 6C 75 65 70 72 69 6E 74 46 5F 4D 45 44 5F 50 72 69 6D 65 46 5F 4D 45 44 5F 50 72 69 6D 65 5F 53 6B 65 6C 65 74 6F 6E 5F 41 6E 69 6D 42 6C 75 65 70 72 69 6E 74 5F 43 53 4B 5F 4D 5F 46 65 6D 61 6C 65 5F 42 61 73 65 5F 53 6B 65 6C 65 74 6F 6E 43 75 73 74 6F 6D 43 68 61 72 61 63 74 65 72 42 6F 64 79 50 61 72 74 44 61 74 61 43 50 5F 41 74 68 65 6E 61 5F 42 6F 64 79 5F 46 5F 50 72 69 6D 65 5F 43 2F 47 61 6D 65 2F 41 74 68 65 6E 61 2F 48 65 72 6F 65 73 2F 4D 65 73 68 65 73 2F 42 6F 64 69 65 73 2F 43 50 5F 41 74 68 65 6E 61 5F 42 6F 64 79 5F 46 5F 50 72 69 6D 65 5F 43 00 00 00 00 00 00 00 00 54 7B 85 0C 2D 3A EC 7B 7E A2 42 63 10 83 7A 73 E9 71 0B B6 57 37 B4 79 18 69 40 56 99 65 CF 69 E3 22 58 A5 6D 55 F8 70 53 05 00 00 00 00 00 00 1A 00 00 00 00 00 00 00 06 00 00 00 01 00 00 00 01 00 00 00 00 00 00 00 54 7B 85 0C 2D 3A EC 7B FF FF FF FF FF FF FF FF E9 71 0B B6 57 37 B4 79 00 00 00 00 00 00 00 00 00 00 00 00 00 00 00 00 6D 05 00 00 00 00 00 00 40 00 00 00 00 00 00 00 07 00 00 00 00 00 00 00 FF FF FF FF FF FF FF FF 7E A2 42 63 10 83 7A 73 FF FF FF FF FF FF FF FF 18 69 40 56 99 65 CF 69 71 17 4A A2 35 CC 76 E6 0B 00 00 00 00 00 00 00 01 00 00 00 00 00 00 00 00 00 00 00 00 00 00 00 01 00 00 00 01 00 00 00 00 00 00 00 01 00 00 00 00 00 00 00 00 00 00 00 00 00 00 00 04 00 00 00 00 00 00 00 00 06 09 02 05 04 81 03 01 02 02 01 01 00 00 00 01 00 00 00 00 00 00 00 03 00 00 00 00 00 00 00 00 00 00 00 01 00 00 00 00 00 00 00 00 00 00 00 05 00 00 00 00 00 00 00 00 00 00 00 00 00 00 00 00 03 02 00 00 00 00 00 00 00 04 00 00 00 00 00 00 00 00 00 00 00 00 00 00 00 00 00 00 00 30 03

Replace:

00 00 00 00 AB 02 00 00 08 00 00 00 00 00 00 00 00 22 00 80 CE 04 00 00 BF 01 00 00 BF 01 00 00 E7 01 00 00 77 02 00 00 97 02 00 00 09 00 00 00 21 01 00 00 00 00 64 C1 00 00 00 00 00 00 00 00 00 00 00 00 00 00 00 00 00 00 00 3E 60 B4 8C 5A FC 0F 5E C7 9F DB 75 B7 55 11 11 B0 12 93 A6 64 BB 09 C4 98 49 77 72 88 86 14 98 7C 39 2A 35 BA ED A8 A8 7A 52 15 80 73 FC 07 28 F7 16 32 68 1C D3 2F F1 50 00 0A 00 0C 00 62 00 1F 00 24 00 04 00 1B 00 0D 00 3A 2F 47 61 6D 65 2F 57 73 6C 74 2F 47 61 6D 65 2F 67 69 74 68 75 62 2F 47 61 6D 65 2F 43 68 61 72 61 63 74 65 72 73 2F 50 6C 61 79 65 72 2F 46 65 6D 61 6C 65 2F 4D 65 64 69 75 6D 2F 42 6F 64 69 65 73 2F 46 5F 4D 45 44 5F 50 72 69 6D 65 2F 4D 65 73 68 65 73 2F 46 5F 4D 45 44 5F 50 72 69 6D 65 5F 53 6B 65 6C 65 74 6F 6E 5F 41 6E 69 6D 42 6C 75 65 70 72 69 6E 74 63 6F 6D 2F 43 6F 64 65 57 73 6C 74 2F 46 6F 72 74 6E 69 74 65 2D 48 65 78 2D 53 77 61 70 73 46 5F 4D 45 44 5F 50 72 69 6D 65 5F 53 6B 65 6C 65 74 6F 6E 5F 41 6E 69 6D 42 6C 75 65 70 72 69 6E 74 5F 43 57 73 6C 74 43 75 73 74 6F 6D 43 68 61 72 61 63 74 65 72 42 6F 64 79 50 61 72 74 44 61 74 61 43 72 65 61 74 65 64 42 79 57 73 6C 74 2F 47 61 6D 65 2F 41 74 68 65 6E 61 2F 48 65 72 6F 65 73 2F 4D 65 73 68 65 73 2F 42 6F 64 69 65 73 2F 43 50 5F 41 74 68 65 6E 61 5F 42 6F 64 79 5F 46 5F 50 72 69 6D 65 5F 43 00 00 00 00 00 00 00 00 54 7B 85 0C 2D 3A EC 7B 7E A2 42 63 10 83 7A 73 E9 71 0B B6 57 37 B4 79 18 69 40 56 99 65 CF 69 E3 22 58 A5 6D 55 F8 70 CE 04 00 00 00 00 00 00 1A 00 00 00 00 00 00 00 06 00 00 00 01 00 00 00 01 00 00 00 00 00 00 00 54 7B 85 0C 2D 3A EC 7B FF FF FF FF FF FF FF FF E9 71 0B B6 57 37 B4 79 00 00 00 00 00 00 00 00 00 00 00 00 00 00 00 00 E8 04 00 00 00 00 00 00 40 00 00 00 00 00 00 00 07 00 00 00 00 00 00 00 FF FF FF FF FF FF FF FF 7E A2 42 63 10 83 7A 73 FF FF FF FF FF FF FF FF 18 69 40 56 99 65 CF 69 71 17 4A A2 35 CC 76 E6 0B 00 00 00 00 00 00 00 01 00 00 00 00 00 00 00 00 00 00 00 00 00 00 00 01 00 00 00 01 00 00 00 00 00 00 00 01 00 00 00 00 00 00 00 00 00 00 00 00 00 00 00 04 00 00 00 00 00 00 00 00 06 09 02 05 04 81 03 01 02 02 01 01 00 00 00 01 00 00 00 00 00 00 00 03 00 00 00 00 00 00 00 00 00 00 00 01 00 00 00 00 00 00 00 00 00 00 00 05 00 00 00 00 00 00 00 00 00 00 00 00 00 00 00 00 03 02 00 00 00 00 00 00 00 04 00 00 00 00 00 00 00 00 00 00 00 00 00 00 00 00 00 00 00 00 00 00 00 00 00 00 00 00 00 00 00 00 00 00 00 00 00 00 00 00 00 00 00 00 00 00 00 00 00 00 00 00 00 00 00 00 00 00 00 00 00 00 00 00 00 00 00 00 00 00 00 00 00 00 00 00 00 00 00 00 00 00 00 00 00 00 00 00 00 00 00 00 00 00 00 00 00 00 00 00 00 00 00 00 00 00 00 00 00 00 00 00 00 00 00 00 00 00 00 00 00 00 00 00 00 00 00 00 00 00 00 00 00 00 00 00 00 00 00 00 00 00 00 00 00 00 00 00

----------------------------------------

Search (pakchunk10-WindowsClient_s1.ucas):

00 00 00 00 2C 03 00 00 08 00 00 00 00 00 00 00 00 22 00 80 4D 05 00 00 40 02 00 00 40 02 00 00 68 02 00 00 F8 02 00 00 18 03 00 00 09 00 00 00 A2 01 00 00 00 00 64 C1 00 00 00 00 DA 19 08 98 2C 90 E2 24 EC 8C 8B 40 0B 00 A6 3E 60 B4 8C 5A FC 0F 5E C7 9F DB 75 B7 55 11 11 B0 12 93 A6 64 BB 09 C4 98 49 77 72 88 86 14 98 7C 39 2A 35 BA ED A8 A8 7A 1C 56 B5 D9 CC A4 78 3F F4 46 4C D6 06 3A 91 1D 00 44 00 4B 00 62 00 0B 00 24 00 19 00 1B 00 16 00 38 2F 47 61 6D 65 2F 43 68 61 72 61 63 74 65 72 73 2F 50 6C 61 79 65 72 2F 46 65 6D 61 6C 65 2F 4D 65 64 69 75 6D 2F 42 61 73 65 2F 53 4B 5F 4D 5F 46 65 6D 61 6C 65 5F 42 61 73 65 5F 53 6B 65 6C 65 74 6F 6E 2F 47 61 6D 65 2F 43 68 61 72 61 63 74 65 72 73 2F 50 6C 61 79 65 72 2F 46 65 6D 61 6C 65 2F 4D 65 64 69 75 6D 2F 42 6F 64 69 65 73 2F 46 5F 4D 45 44 5F 50 72 69 6D 65 2F 4D 65 73 68 65 73 2F 46 5F 4D 45 44 5F 50 72 69 6D 65 2F 47 61 6D 65 2F 43 68 61 72 61 63 74 65 72 73 2F 50 6C 61 79 65 72 2F 46 65 6D 61 6C 65 2F 4D 65 64 69 75 6D 2F 42 6F 64 69 65 73 2F 46 5F 4D 45 44 5F 50 72 69 6D 65 2F 4D 65 73 68 65 73 2F 46 5F 4D 45 44 5F 50 72 69 6D 65 5F 53 6B 65 6C 65 74 6F 6E 5F 41 6E 69 6D 42 6C 75 65 70 72 69 6E 74 46 5F 4D 45 44 5F 50 72 69 6D 65 46 5F 4D 45 44 5F 50 72 69 6D 65 5F 53 6B 65 6C 65 74 6F 6E 5F 41 6E 69 6D 42 6C 75 65 70 72 69 6E 74 5F 43 53 4B 5F 4D 5F 46 65 6D 61 6C 65 5F 42 61 73 65 5F 53 6B 65 6C 65 74 6F 6E 43 75 73 74 6F 6D 43 68 61 72 61 63 74 65 72 42 6F 64 79 50 61 72 74 44 61 74 61 43 50 5F 41 74 68 65 6E 61 5F 42 6F 64 79 5F 46 5F 50 72 69 6D 65 2F 47 61 6D 65 2F 41 74 68 65 6E 61 2F 48 65 72 6F 65 73 2F 4D 65 73 68 65 73 2F 42 6F 64 69 65 73 2F 43 50 5F 41 74 68 65 6E 61 5F 42 6F 64 79 5F 46 5F 50 72 69 6D 65 00 00 00 00 00 00 00 00 54 7B 85 0C 2D 3A EC 7B 7E A2 42 63 10 83 7A 73 E9 71 0B B6 57 37 B4 79 18 69 40 56 99 65 CF 69 E3 22 58 A5 6D 55 F8 70 4D 05 00 00 00 00 00 00 1A 00 00 00 00 00 00 00 06 00 00 00 01 00 00 00 01 00 00 00 00 00 00 00 54 7B 85 0C 2D 3A EC 7B FF FF FF FF FF FF FF FF E9 71 0B B6 57 37 B4 79 00 00 00 00 00 00 00 00 00 00 00 00 00 00 00 00 67 05 00 00 00 00 00 00 3D 00 00 00 00 00 00 00 07 00 00 00 00 00 00 00 FF FF FF FF FF FF FF FF 7E A2 42 63 10 83 7A 73 FF FF FF FF FF FF FF FF 18 69 40 56 99 65 CF 69 86 45 95 25 FC F9 93 21 0B 00 00 00 00 00 00 00 01 00 00 00 00 00 00 00 00 00 00 00 00 00 00 00 01 00 00 00 01 00 00 00 00 00 00 00 01 00 00 00 00 00 00 00 00 00 00 00 00 00 00 00 04 00 00 00 00 00 00 00 00 06 09 02 05 05 02 02 01 01 00 00 00 01 00 00 00 00 00 00 00 03 00 00 00 00 00 00 00 00 00 00 00 01 00 00 00 00 00 00 00 00 00 00 00 05 00 00 00 00 00 00 00 00 00 00 00 00 00 00 00 00 03 02 00 00 00 00 00 00 00 04 00 00 00 00 00 00 00 00 00 00 00 00 00 00 00 00 00 00 00 2C 03 00 00 08 00 00 00 00

Replace:

00 00 00 00 A9 02 00 00 08 00 00 00 00 00 00 00 00 22 00 80 CA 04 00 00 BD 01 00 00 BD 01 00 00 E5 01 00 00 75 02 00 00 95 02 00 00 09 00 00 00 1F 01 00 00 00 00 64 C1 00 00 00 00 00 00 00 00 00 00 00 00 00 00 00 00 00 00 00 3E 60 B4 8C 5A FC 0F 5E C7 9F DB 75 B7 55 11 11 B0 12 93 A6 64 BB 09 C4 98 49 77 72 88 86 14 98 7C 39 2A 35 BA ED A8 A8 7A 1C 56 B5 D9 CC A4 78 3F F4 46 4C D6 06 3A 91 1D 00 0A 00 0C 00 62 00 1F 00 24 00 04 00 1B 00 0D 00 38 2F 47 61 6D 65 2F 57 73 6C 74 2F 47 61 6D 65 2F 67 69 74 68 75 62 2F 47 61 6D 65 2F 43 68 61 72 61 63 74 65 72 73 2F 50 6C 61 79 65 72 2F 46 65 6D 61 6C 65 2F 4D 65 64 69 75 6D 2F 42 6F 64 69 65 73 2F 46 5F 4D 45 44 5F 50 72 69 6D 65 2F 4D 65 73 68 65 73 2F 46 5F 4D 45 44 5F 50 72 69 6D 65 5F 53 6B 65 6C 65 74 6F 6E 5F 41 6E 69 6D 42 6C 75 65 70 72 69 6E 74 63 6F 6D 2F 43 6F 64 65 57 73 6C 74 2F 46 6F 72 74 6E 69 74 65 2D 48 65 78 2D 53 77 61 70 73 46 5F 4D 45 44 5F 50 72 69 6D 65 5F 53 6B 65 6C 65 74 6F 6E 5F 41 6E 69 6D 42 6C 75 65 70 72 69 6E 74 5F 43 57 73 6C 74 43 75 73 74 6F 6D 43 68 61 72 61 63 74 65 72 42 6F 64 79 50 61 72 74 44 61 74 61 43 72 65 61 74 65 64 42 79 57 73 6C 74 2F 47 61 6D 65 2F 41 74 68 65 6E 61 2F 48 65 72 6F 65 73 2F 4D 65 73 68 65 73 2F 42 6F 64 69 65 73 2F 43 50 5F 41 74 68 65 6E 61 5F 42 6F 64 79 5F 46 5F 50 72 69 6D 65 00 00 00 00 00 00 00 00 54 7B 85 0C 2D 3A EC 7B 7E A2 42 63 10 83 7A 73 E9 71 0B B6 57 37 B4 79 18 69 40 56 99 65 CF 69 E3 22 58 A5 6D 55 F8 70 CA 04 00 00 00 00 00 00 1A 00 00 00 00 00 00 00 06 00 00 00 01 00 00 00 01 00 00 00 00 00 00 00 54 7B 85 0C 2D 3A EC 7B FF FF FF FF FF FF FF FF E9 71 0B B6 57 37 B4 79 00 00 00 00 00 00 00 00 00 00 00 00 00 00 00 00 E4 04 00 00 00 00 00 00 3D 00 00 00 00 00 00 00 07 00 00 00 00 00 00 00 FF FF FF FF FF FF FF FF 7E A2 42 63 10 83 7A 73 FF FF FF FF FF FF FF FF 18 69 40 56 99 65 CF 69 86 45 95 25 FC F9 93 21 0B 00 00 00 00 00 00 00 01 00 00 00 00 00 00 00 00 00 00 00 00 00 00 00 01 00 00 00 01 00 00 00 00 00 00 00 01 00 00 00 00 00 00 00 00 00 00 00 00 00 00 00 04 00 00 00 00 00 00 00 00 06 09 02 05 05 02 02 01 01 00 00 00 01 00 00 00 00 00 00 00 03 00 00 00 00 00 00 00 00 00 00 00 01 00 00 00 00 00 00 00 00 00 00 00 05 00 00 00 00 00 00 00 00 00 00 00 00 00 00 00 00 03 02 00 00 00 00 00 00 00 04 00 00 00 00 00 00 00 00 00 00 00 00 00 00 00 00 00 00 00 00 00 00 00 00 00 00 00 00 00 00 00 00 00 00 00 00 00 00 00 00 00 00 00 00 00 00 00 00 00 00 00 00 00 00 00 00 00 00 00 00 00 00 00 00 00 00 00 00 00 00 00 00 00 00 00 00 00 00 00 00 00 00 00 00 00 00 00 00 00 00 00 00 00 00 00 00 00 00 00 00 00 00 00 00 00 00 00 00 00 00 00 00 00 00 00 00 00 00 00 00 00 00 00 00 00 00 00 00 00 00 00 00 00 00 00 00 00 00 00 00 00 00 00 00 00 00

----------------------------------------

Search (pakchunk10-WindowsClient_s1.ucas):

00 00 00 00 34 03 00 00 08 00 00 00 00 00 00 00 00 22 00 80 57 05 00 00 48 02 00 00 48 02 00 00 70 02 00 00 00 03 00 00 20 03 00 00 09 00 00 00 AA 01 00 00 00 00 64 C1 00 00 00 00 DA 19 08 98 2C 90 E2 24 EC 8C 8B 40 0B 00 A6 3E 9A 8A A4 44 E3 CF 5D DB 9F DB 75 B7 55 11 11 B0 D8 9C 33 81 1D 04 A0 98 49 77 72 88 86 14 98 7C 39 2A 35 BA ED A8 A8 7A 80 39 1C 5A 03 96 25 B9 DF 79 79 DE DA 64 4D 9B 00 44 00 4B 00 64 00 0B 00 26 00 19 00 1B 00 18 00 3A 2F 47 61 6D 65 2F 43 68 61 72 61 63 74 65 72 73 2F 50 6C 61 79 65 72 2F 46 65 6D 61 6C 65 2F 4D 65 64 69 75 6D 2F 42 61 73 65 2F 53 4B 5F 4D 5F 46 65 6D 61 6C 65 5F 42 61 73 65 5F 53 6B 65 6C 65 74 6F 6E 2F 47 61 6D 65 2F 43 68 61 72 61 63 74 65 72 73 2F 50 6C 61 79 65 72 2F 46 65 6D 61 6C 65 2F 4D 65 64 69 75 6D 2F 42 6F 64 69 65 73 2F 46 5F 4D 45 44 5F 50 72 69 6D 65 2F 4D 65 73 68 65 73 2F 46 5F 4D 45 44 5F 50 72 69 6D 65 2F 47 61 6D 65 2F 43 68 61 72 61 63 74 65 72 73 2F 50 6C 61 79 65 72 2F 46 65 6D 61 6C 65 2F 4D 65 64 69 75 6D 2F 42 6F 64 69 65 73 2F 46 5F 4D 45 44 5F 50 72 69 6D 65 2F 4D 65 73 68 65 73 2F 46 5F 4D 45 44 5F 50 72 69 6D 65 5F 53 6B 65 6C 65 74 6F 6E 5F 41 6E 69 6D 42 6C 75 65 70 72 69 6E 74 5F 45 46 5F 4D 45 44 5F 50 72 69 6D 65 46 5F 4D 45 44 5F 50 72 69 6D 65 5F 53 6B 65 6C 65 74 6F 6E 5F 41 6E 69 6D 42 6C 75 65 70 72 69 6E 74 5F 45 5F 43 53 4B 5F 4D 5F 46 65 6D 61 6C 65 5F 42 61 73 65 5F 53 6B 65 6C 65 74 6F 6E 43 75 73 74 6F 6D 43 68 61 72 61 63 74 65 72 42 6F 64 79 50 61 72 74 44 61 74 61 43 50 5F 41 74 68 65 6E 61 5F 42 6F 64 79 5F 46 5F 50 72 69 6D 65 5F 45 2F 47 61 6D 65 2F 41 74 68 65 6E 61 2F 48 65 72 6F 65 73 2F 4D 65 73 68 65 73 2F 42 6F 64 69 65 73 2F 43 50 5F 41 74 68 65 6E 61 5F 42 6F 64 79 5F 46 5F 50 72 69 6D 65 5F 45 00 00 00 00 00 00 00 00 54 7B 85 0C 2D 3A EC 7B 7E A2 42 63 10 83 7A 73 E9 71 0B B6 57 37 B4 79 18 69 40 56 99 65 CF 69 E3 22 58 A5 6D 55 F8 70 57 05 00 00 00 00 00 00 1A 00 00 00 00 00 00 00 06 00 00 00 01 00 00 00 01 00 00 00 00 00 00 00 54 7B 85 0C 2D 3A EC 7B FF FF FF FF FF FF FF FF E9 71 0B B6 57 37 B4 79 00 00 00 00 00 00 00 00 00 00 00 00 00 00 00 00 71 05 00 00 00 00 00 00 40 00 00 00 00 00 00 00 07 00 00 00 00 00 00 00 FF FF FF FF FF FF FF FF 7E A2 42 63 10 83 7A 73 FF FF FF FF FF FF FF FF 18 69 40 56 99 65 CF 69 B9 A5 B9 53 80 8C 46 52 0B 00 00 00 00 00 00 00 01 00 00 00 00 00 00 00 00 00 00 00 00 00 00 00 01 00 00 00 01 00 00 00 00 00 00 00 01 00 00 00 00 00 00 00 00 00 00 00 00 00 00 00 04 00 00 00 00 00 00 00 00 06 09 02 05 04 81 03 01 02 02 01 01 00 00 00 01 00 00 00 00 00 00 00 03 00 00 00 00 00 00 00 00 00 00 00 01 00 00 00 00 00 00 00 00 00 00 00 05 00 00 00 00 00 00 00 00 00 00 00 00 00 00 00 00 03 02 00 00 00 00 00 00 00 04 00 00 00 00 00 00 00 00 00 00 00 00 00 00 00 00 00

Replace:

00 00 00 00 AF 02 00 00 08 00 00 00 00 00 00 00 00 22 00 80 D2 04 00 00 C3 01 00 00 C3 01 00 00 EB 01 00 00 7B 02 00 00 9B 02 00 00 09 00 00 00 25 01 00 00 00 00 64 C1 00 00 00 00 00 00 00 00 00 00 00 00 00 00 00 00 00 00 00 3E 9A 8A A4 44 E3 CF 5D DB 9F DB 75 B7 55 11 11 B0 D8 9C 33 81 1D 04 A0 98 49 77 72 88 86 14 98 7C 39 2A 35 BA ED A8 A8 7A 80 39 1C 5A 03 96 25 B9 DF 79 79 DE DA 64 4D 9B 00 0A 00 0C 00 64 00 1F 00 26 00 04 00 1B 00 0D 00 3A 2F 47 61 6D 65 2F 57 73 6C 74 2F 47 61 6D 65 2F 67 69 74 68 75 62 2F 47 61 6D 65 2F 43 68 61 72 61 63 74 65 72 73 2F 50 6C 61 79 65 72 2F 46 65 6D 61 6C 65 2F 4D 65 64 69 75 6D 2F 42 6F 64 69 65 73 2F 46 5F 4D 45 44 5F 50 72 69 6D 65 2F 4D 65 73 68 65 73 2F 46 5F 4D 45 44 5F 50 72 69 6D 65 5F 53 6B 65 6C 65 74 6F 6E 5F 41 6E 69 6D 42 6C 75 65 70 72 69 6E 74 5F 45 63 6F 6D 2F 43 6F 64 65 57 73 6C 74 2F 46 6F 72 74 6E 69 74 65 2D 48 65 78 2D 53 77 61 70 73 46 5F 4D 45 44 5F 50 72 69 6D 65 5F 53 6B 65 6C 65 74 6F 6E 5F 41 6E 69 6D 42 6C 75 65 70 72 69 6E 74 5F 45 5F 43 57 73 6C 74 43 75 73 74 6F 6D 43 68 61 72 61 63 74 65 72 42 6F 64 79 50 61 72 74 44 61 74 61 43 72 65 61 74 65 64 42 79 57 73 6C 74 2F 47 61 6D 65 2F 41 74 68 65 6E 61 2F 48 65 72 6F 65 73 2F 4D 65 73 68 65 73 2F 42 6F 64 69 65 73 2F 43 50 5F 41 74 68 65 6E 61 5F 42 6F 64 79 5F 46 5F 50 72 69 6D 65 5F 45 00 00 00 00 00 00 00 00 54 7B 85 0C 2D 3A EC 7B 7E A2 42 63 10 83 7A 73 E9 71 0B B6 57 37 B4 79 18 69 40 56 99 65 CF 69 E3 22 58 A5 6D 55 F8 70 D2 04 00 00 00 00 00 00 1A 00 00 00 00 00 00 00 06 00 00 00 01 00 00 00 01 00 00 00 00 00 00 00 54 7B 85 0C 2D 3A EC 7B FF FF FF FF FF FF FF FF E9 71 0B B6 57 37 B4 79 00 00 00 00 00 00 00 00 00 00 00 00 00 00 00 00 EC 04 00 00 00 00 00 00 40 00 00 00 00 00 00 00 07 00 00 00 00 00 00 00 FF FF FF FF FF FF FF FF 7E A2 42 63 10 83 7A 73 FF FF FF FF FF FF FF FF 18 69 40 56 99 65 CF 69 B9 A5 B9 53 80 8C 46 52 0B 00 00 00 00 00 00 00 01 00 00 00 00 00 00 00 00 00 00 00 00 00 00 00 01 00 00 00 01 00 00 00 00 00 00 00 01 00 00 00 00 00 00 00 00 00 00 00 00 00 00 00 04 00 00 00 00 00 00 00 00 06 09 02 05 04 81 03 01 02 02 01 01 00 00 00 01 00 00 00 00 00 00 00 03 00 00 00 00 00 00 00 00 00 00 00 01 00 00 00 00 00 00 00 00 00 00 00 05 00 00 00 00 00 00 00 00 00 00 00 00 00 00 00 00 03 02 00 00 00 00 00 00 00 04 00 00 00 00 00 00 00 00 00 00 00 00 00 00 00 00 00 00 00 00 00 00 00 00 00 00 00 00 00 00 00 00 00 00 00 00 00 00 00 00 00 00 00 00 00 00 00 00 00 00 00 00 00 00 00 00 00 00 00 00 00 00 00 00 00 00 00 00 00 00 00 00 00 00 00 00 00 00 00 00 00 00 00 00 00 00 00 00 00 00 00 00 00 00 00 00 00 00 00 00 00 00 00 00 00 00 00 00 00 00 00 00 00 00 00 00 00 00 00 00 00 00 00 00 00 00 00 00 00 00 00 00 00 00 00 00 00 00 00 00 00 00 00 00 00 00 00 00

----------------------------------------

Search (pakchunk10-WindowsClient_s1.ucas):

8C 02 02 47 FA 00 00 00 00 C5 03 00 00 0A 00 99 F9 22 00 80 E6 05 00 00 D9 02 94 0F 03 01 03 00 00 91 03 00 00 B1 03 00 00 0B 00 00 00 27 02 29 00 02 64 C1 2F 00 2F 8F DA 19 08 98 2C 90 E2 24 EC 8C 8B 40 0B 00 A6 3E 60 B4 8C 5A FC 0F 5E C7 4D C5 01 40 C1 AA 0F 5A 9F DB 75 B7 55 11 11 B0 C7 55 F2 4A CD 4A 62 49 12 93 A6 64 BB 09 C4 98 49 77 72 88 86 14 98 7C 39 2A 35 BA ED A8 A8 7A E6 7F A4 3C 09 2F 86 A2 21 21 46 6F 35 30 B8 72 00 44 00 4B 00 62 00 6D 00 0B 00 14 00 24 00 19 00 1B 00 18 00 3A 2F 47 61 6D 65 2F 43 68 61 72 61 63 74 65 72 73 2F 50 6C 61 79 65 72 2F 46 65 6D 61 6C 65 2F 4D 65 64 69 75 6D 2F 42 61 73 65 2F 53 4B 5F 4D 5F 18 00 FE 5F 42 61 73 65 5F 53 6B 65 6C 65 74 6F 6E 14 44 00 0F 01 6F 64 69 65 73 2F 46 5F 4D 45 44 5F 50 72 69 6D 1A 00 B2 73 68 13 00 F0 37 4B 00 50 9F 00 FE 5F 41 6E 69 6D 42 6C 75 65 70 72 69 6E 74 26 62 00 94 53 6B 69 6E AC 00 BD 5F 42 4C 4B 2F 4D 61 74 65 72 69 61 6C 1A 00 03 6F 64 79 1F 00 70 14 00 F0 0C 1F 00 F0 04 AE 00 F2 5F 43 06 76 01 56 43 75 73 74 6F 6D 76 01 00 73 00 2F 02 50 61 72 74 44 61 74 61 43 50 5F 41 74 68 65 6E 61 89 00 31 46 96 00 21 47 FC 00 20 1B 00 47 2F 48 65 72 6F 65 73 39 01 30 9E 01 F0 05 3A 00 40 C8 02 0F 19 54 7B 85 0C 2D 3A EC 7B 7E A2 42 63 10 83 7A 73 E9 71 0B B6 57 37 B4 79 18 69 40 56 99 65 CF 69 E3 22 58 A5 6D 55 F8 70 ED 02 00 FC 02 31 1A 39 00 F5 08 00 00 00 01 9C F0 81 40 48 00 F1 FF 99 40 48 00 F1 00 E1 21 06 12 00 31 63 18 00 31 09 08 00 40 38 00 40 88 00 40 10 00 40 88 00 39 A1 93 33 33 99 28 8A 1B 0B 30 00 40 78 00 71 00 10 00 71 01 0C 00 F0 C1 41 04 0D 00 7F 01 06 09 02 05 04 81 02 01 02 05 03 01 02 02 01 01 2C 00 50 24 00 B0 5C 00 F2 07 00 B1 00 2C 00 02 80 05 EB 03 10 15 00 B1 05 1B 00 10

Replace:

8C 02 02 30 FA 00 00 00 00 EA 02 00 00 0A 00 99 F9 22 00 80 0B 05 00 00 FE 01 94 0F 03 26 02 00 00 B6 02 00 00 D6 02 00 00 0B 00 00 00 4C 01 29 00 F3 64 C1 00 F1 2F 5A 3E 60 B4 8C 5A FC 0F 5E C7 4D C5 01 40 C1 AA 0F 5A 9F DB 75 B7 55 11 11 B0 C7 55 F2 4A CD 4A 62 49 12 93 A6 64 BB 09 C4 98 49 77 72 88 86 14 98 7C 39 2A 35 BA ED A8 A8 7A E6 7F A4 3C 09 2F 86 A2 21 21 46 6F 35 30 B8 72 00 0A 00 0C 00 62 00 0C 00 1F 00 1F 00 24 00 04 00 1B 00 0D 00 3A 2F 47 61 6D 65 2F 57 73 6C 74 0A 00 26 67 69 74 68 75 62 0C 00 0F 22 43 68 61 72 61 63 74 65 72 73 2F 50 6C 61 79 65 72 2F 46 65 6D 61 6C 65 2F 4D 65 64 69 75 6D 2F 42 6F 64 69 65 73 2F 46 5F 4D 45 44 5F 50 72 69 6D 1A 00 A2 73 68 13 00 9F 07 5F 53 6B 65 6C 65 74 6F 6E 5F 41 6E 69 6D 42 6C 75 65 70 72 69 6E 6E 00 18 63 6F 6D 2F 43 6F 64 65 86 00 FF 03 46 6F 72 74 6E 69 74 65 2D 48 65 78 2D 53 77 61 70 73 0C 1F 00 F0 0F 6C 00 02 5F 43 3B 00 56 43 75 73 74 6F 6D D4 00 1F 06 42 6F 64 79 50 61 72 74 44 61 74 61 43 72 65 61 74 65 64 42 79 82 00 10 9A 00 4D 41 74 68 65 6E 61 2F 48 65 72 6F 65 73 D7 00 30 F1 00 23 43 50 5F 1F 00 01 5F 45 00 32 5F 46 7D 00 41 47 ED 01 0F 19 54 7B 85 0C 2D 3A EC 7B 7E A2 42 63 10 83 7A 73 E9 71 0B B6 57 37 B4 79 18 69 40 56 99 65 CF 69 E3 22 58 A5 6D 55 F8 70 12 02 F0 81 31 1A 39 00 F5 08 00 00 00 01 9C 00 18 00 40 48 00 F1 FF 99 40 48 00 F1 00 D9 31 25 48 00 31 63 18 00 31 09 08 00 40 38 00 40 88 00 40 10 00 40 88 00 39 A1 93 33 33 99 28 8A 1B 0B 38 00 40 78 00 71 00 10 00 71 01 0C 00 F0 C1 41 04 0D 00 8F 00 06 09 02 05 04 81 02 01 02 05 03 01 02 02 01 34 00 50 24 00 B0 5C 00 F2 07 00 B1 00 30 00 34 80 05 01 03 13 00 61 05 1A 00 60 33 00 32 03 02 16 00 F2 06 00 F9 C0 CE 09 00 00 00 00 00 00 00 00

----------------------------------------

Search (pakchunk10-WindowsClient_s1.ucas):

00 00 00 00 02 03 00 00 08 00 00 00 00 00 00 00 00 22 00 80 23 05 00 00 16 02 00 00 16 02 00 00 3E 02 00 00 CE 02 00 00 EE 02 00 00 09 00 00 00 78 01 00 00 00 00 64 C1 00 00 00 00 3F 2D 8A 55 3E 7A F2 A1 47 C4 93 B7 35 63 9A 3B 70 33 55 C5 1C 50 0A 52 A2 E3 34 12 EA 02 24 61 E2 68 85 8B 72 A0 A2 7A 3F 68 59 C1 9F 82 81 DB 39 2A 35 BA ED A8 A8 7A 1B E4 30 06 67 A4 A2 5F 83 C6 9D 38 6F FE A1 89 00 40 00 49 00 50 00 0B 00 14 00 17 00 1B 00 16 00 38 2F 47 61 6D 65 2F 43 68 61 72 61 63 74 65 72 73 2F 50 6C 61 79 65 72 2F 4D 61 6C 65 2F 4D 65 64 69 75 6D 2F 42 61 73 65 2F 53 4B 5F 4D 5F 4D 41 4C 45 5F 42 61 73 65 5F 53 6B 65 6C 65 74 6F 6E 2F 47 61 6D 65 2F 43 68 61 72 61 63 74 65 72 73 2F 50 6C 61 79 65 72 2F 4D 61 6C 65 2F 4D 65 64 69 75 6D 2F 42 6F 64 69 65 73 2F 4D 5F 4D 45 44 5F 50 72 69 6D 65 2F 4D 65 73 68 65 73 2F 4D 5F 4D 45 44 5F 50 72 69 6D 65 2F 47 61 6D 65 2F 43 68 61 72 61 63 74 65 72 73 2F 50 6C 61 79 65 72 2F 4D 61 6C 65 2F 4D 65 64 69 75 6D 2F 42 6F 64 69 65 73 2F 4D 5F 4D 45 44 5F 50 72 69 6D 65 2F 4D 65 73 68 65 73 2F 4D 5F 4D 45 44 5F 50 72 69 6D 65 5F 41 6E 69 6D 42 50 4D 5F 4D 45 44 5F 50 72 69 6D 65 4D 5F 4D 45 44 5F 50 72 69 6D 65 5F 41 6E 69 6D 42 50 5F 43 53 4B 5F 4D 5F 4D 41 4C 45 5F 42 61 73 65 5F 53 6B 65 6C 65 74 6F 6E 43 75 73 74 6F 6D 43 68 61 72 61 63 74 65 72 42 6F 64 79 50 61 72 74 44 61 74 61 43 50 5F 41 74 68 65 6E 61 5F 42 6F 64 79 5F 4D 5F 50 72 69 6D 65 2F 47 61 6D 65 2F 41 74 68 65 6E 61 2F 48 65 72 6F 65 73 2F 4D 65 73 68 65 73 2F 42 6F 64 69 65 73 2F 43 50 5F 41 74 68 65 6E 61 5F 42 6F 64 79 5F 4D 5F 50 72 69 6D 65 00 00 00 00 00 00 00 00 54 7B 85 0C 2D 3A EC 7B 7E A2 42 63 10 83 7A 73 E9 71 0B B6 57 37 B4 79 18 69 40 56 99 65 CF 69 E3 22 58 A5 6D 55 F8 70 23 05 00 00 00 00 00 00 1A 00 00 00 00 00 00 00 06 00 00 00 02 00 00 00 01 00 00 00 00 00 00 00 54 7B 85 0C 2D 3A EC 7B FF FF FF FF FF FF FF FF E9 71 0B B6 57 37 B4 79 00 00 00 00 00 00 00 00 00 00 00 00 00 00 00 00 3D 05 00 00 00 00 00 00 3C 00 00 00 00 00 00 00 07 00 00 00 00 00 00 00 FF FF FF FF FF FF FF FF 7E A2 42 63 10 83 7A 73 FF FF FF FF FF FF FF FF 18 69 40 56 99 65 CF 69 D9 D6 92 41 DA 6B F8 D2 0B 00 00 00 00 00 00 00 01 00 00 00 00 00 00 00 00 00 00 00 00 00 00 00 01 00 00 00 01 00 00 00 00 00 00 00 01 00 00 00 00 00 00 00 00 00 00 00 00 00 00 00 04 00 00 00 00 00 00 00 01 04 09 02 05 05 02 01 01 00 00 00 01 00 00 00 00 00 00 00 03 00 00 00 00 00 00 00 00 00 00 00 01 00 00 00 00 00 00 00 00 00 00 00 05 00 00 00 00 00 00 00 00 00 00 00 00 00 00 00 00 03 02 00 00 00 00 00 00 00 04 00 00 00 00 00 00 00 00 00 00 00 00 00 00 00 00 00 00 00 02 03 00 00

Replace:

00 00 00 00 87 02 00 00 08 00 00 00 00 00 00 00 00 22 00 80 A8 04 00 00 9B 01 00 00 9B 01 00 00 C3 01 00 00 53 02 00 00 73 02 00 00 09 00 00 00 FD 00 00 00 00 00 64 C1 00 00 00 00 00 00 00 00 00 00 00 00 00 00 00 00 00 00 00 3B 70 33 55 C5 1C 50 0A 52 A2 E3 34 12 EA 02 24 61 E2 68 85 8B 72 A0 A2 7A 3F 68 59 C1 9F 82 81 DB 39 2A 35 BA ED A8 A8 7A 1B E4 30 06 67 A4 A2 5F 83 C6 9D 38 6F FE A1 89 00 0A 00 0C 00 50 00 1F 00 14 00 04 00 1B 00 0D 00 38 2F 47 61 6D 65 2F 57 73 6C 74 2F 47 61 6D 65 2F 67 69 74 68 75 62 2F 47 61 6D 65 2F 43 68 61 72 61 63 74 65 72 73 2F 50 6C 61 79 65 72 2F 4D 61 6C 65 2F 4D 65 64 69 75 6D 2F 42 6F 64 69 65 73 2F 4D 5F 4D 45 44 5F 50 72 69 6D 65 2F 4D 65 73 68 65 73 2F 4D 5F 4D 45 44 5F 50 72 69 6D 65 5F 41 6E 69 6D 42 50 63 6F 6D 2F 43 6F 64 65 57 73 6C 74 2F 46 6F 72 74 6E 69 74 65 2D 48 65 78 2D 53 77 61 70 73 4D 5F 4D 45 44 5F 50 72 69 6D 65 5F 41 6E 69 6D 42 50 5F 43 57 73 6C 74 43 75 73 74 6F 6D 43 68 61 72 61 63 74 65 72 42 6F 64 79 50 61 72 74 44 61 74 61 43 72 65 61 74 65 64 42 79 57 73 6C 74 2F 47 61 6D 65 2F 41 74 68 65 6E 61 2F 48 65 72 6F 65 73 2F 4D 65 73 68 65 73 2F 42 6F 64 69 65 73 2F 43 50 5F 41 74 68 65 6E 61 5F 42 6F 64 79 5F 4D 5F 50 72 69 6D 65 00 00 00 00 00 00 00 00 54 7B 85 0C 2D 3A EC 7B 7E A2 42 63 10 83 7A 73 E9 71 0B B6 57 37 B4 79 18 69 40 56 99 65 CF 69 E3 22 58 A5 6D 55 F8 70 A8 04 00 00 00 00 00 00 1A 00 00 00 00 00 00 00 06 00 00 00 02 00 00 00 01 00 00 00 00 00 00 00 54 7B 85 0C 2D 3A EC 7B FF FF FF FF FF FF FF FF E9 71 0B B6 57 37 B4 79 00 00 00 00 00 00 00 00 00 00 00 00 00 00 00 00 C2 04 00 00 00 00 00 00 3C 00 00 00 00 00 00 00 07 00 00 00 00 00 00 00 FF FF FF FF FF FF FF FF 7E A2 42 63 10 83 7A 73 FF FF FF FF FF FF FF FF 18 69 40 56 99 65 CF 69 D9 D6 92 41 DA 6B F8 D2 0B 00 00 00 00 00 00 00 01 00 00 00 00 00 00 00 00 00 00 00 00 00 00 00 01 00 00 00 01 00 00 00 00 00 00 00 01 00 00 00 00 00 00 00 00 00 00 00 00 00 00 00 04 00 00 00 00 00 00 00 01 04 09 02 05 05 02 01 01 00 00 00 01 00 00 00 00 00 00 00 03 00 00 00 00 00 00 00 00 00 00 00 01 00 00 00 00 00 00 00 00 00 00 00 05 00 00 00 00 00 00 00 00 00 00 00 00 00 00 00 00 03 02 00 00 00 00 00 00 00 04 00 00 00 00 00 00 00 00 00 00 00 00 00 00 00 00 00 00 00 00 00 00 00 00 00 00 00 00 00 00 00 00 00 00 00 00 00 00 00 00 00 00 00 00 00 00 00 00 00 00 00 00 00 00 00 00 00 00 00 00 00 00 00 00 00 00 00 00 00 00 00 00 00 00 00 00 00 00 00 00 00 00 00 00 00 00 00 00 00 00 00 00 00 00 00 00 00 00 00 00 00 00 00 00 00 00 00 00 00 00 00 00 00 00 00 00 00 00 00 00 00 00 00 00 00 00 00 00 00 00 00 00 00 00 00 00 00 00

----------------------------------------

Search (pakchunk10-WindowsClient_s1.ucas):

8C 02 02 3C FA 00 00 00 00 99 03 00 00 0A 00 99 F9 22 00 80 BA 05 00 00 AD 02 94 0F 03 D5 02 00 00 65 03 00 00 85 03 00 00 0B 00 00 00 FB 01 29 00 02 64 C1 2F 00 FF 9F 3F 2D 8A 55 3E 7A F2 A1 47 C4 93 B7 35 63 9A 3B 70 33 55 C5 1C 50 0A 52 5F FB 99 95 37 FD E1 14 A2 E3 34 12 EA 02 24 61 E2 68 85 8B 72 A0 A2 7A 83 53 10 DE 6F FC 57 2D 3F 68 59 C1 9F 82 81 DB 39 2A 35 BA ED A8 A8 7A 75 87 E8 4E A0 53 E4 95 81 42 AA 8C 16 D2 58 1A 00 40 00 49 00 50 00 6B 00 0B 00 14 00 14 00 17 00 1B 00 18 00 3A 2F 47 61 6D 65 2F 43 68 61 72 61 63 74 65 72 73 2F 50 6C 61 79 65 72 2F 4D 61 6C 65 2F 4D 65 64 69 75 6D 2F 42 61 73 65 2F 53 4B 5F 4D 5F 4D 41 4C 45 5F 42 61 73 65 5F 53 6B 65 6C 65 74 6F 6E 12 40 00 0F 01 6F 64 69 65 73 2F 4D 5F 4D 45 44 5F 50 72 69 6D 1A 00 B2 73 68 13 00 F0 35 49 00 F7 5F 41 6E 69 6D 42 50 24 50 00 94 53 6B 69 6E 98 00 BD 5F 42 4C 4B 2F 4D 61 74 65 72 69 61 6C 1A 00 03 6F 64 79 1F 00 70 14 00 80 39 00 20 88 00 F2 5F 43 01 33 00 F0 04 4E 01 56 43 75 73 74 6F 6D 4E 01 00 2E 00 2F 02 50 61 72 74 44 61 74 61 43 50 5F 41 74 68 65 6E 61 44 00 31 4D 51 00 21 47 C1 01 20 1B 00 05 2F 48 65 72 6F 57 01 20 15 01 30 DF 00 F0 05 3A 00 40 9C 02 0F 19 54 7B 85 0C 2D 3A EC 7B 7E A2 42 63 10 83 7A 73 E9 71 0B B6 57 37 B4 79 18 69 40 56 99 65 CF 69 E3 22 58 A5 6D 55 F8 70 C1 02 00 D0 02 31 1A 39 00 39 08 00 00 00 02 00 00 00 01 10 00 40 48 00 F1 FF 99 40 48 00 F1 00 D9 31 D4 48 00 31 62 18 00 31 09 08 00 40 38 00 40 88 00 40 10 00 40 88 00 39 00 47 1F 9B 74 D3 18 8E 0B 38 00 40 78 00 71 00 10 00 71 01 0C 00 F0 C1 41 04 18 00 8E 04 09 02 05 04 81 02 01 02 05 03 01 02 01 33 00 71 04 30 00 80 3F 00 B1 07 18 00 34 80 05 01 03 13 00 B1 06 1B 00 10 0F 00 32 03 02

Replace:

8C 02 02 2A FA 00 00 00 00 C8 02 00 00 0A 00 99 F9 22 00 80 E9 04 00 00 DC 01 94 0F 03 04 02 00 00 94 02 00 00 B4 02 00 00 0B 00 00 00 2A 01 29 00 F3 64 C1 00 F1 2F 5A 3B 70 33 55 C5 1C 50 0A 52 5F FB 99 95 37 FD E1 14 A2 E3 34 12 EA 02 24 61 E2 68 85 8B 72 A0 A2 7A 83 53 10 DE 6F FC 57 2D 3F 68 59 C1 9F 82 81 DB 39 2A 35 BA ED A8 A8 7A 75 87 E8 4E A0 53 E4 95 81 42 AA 8C 16 D2 58 1A 00 0A 00 0C 00 50 00 0C 00 1F 00 14 00 1F 00 04 00 1B 00 0D 00 3A 2F 47 61 6D 65 2F 57 73 6C 74 0A 00 26 67 69 74 68 75 62 0C 00 0F 20 43 68 61 72 61 63 74 65 72 73 2F 50 6C 61 79 65 72 2F 4D 61 6C 65 2F 4D 65 64 69 75 6D 2F 42 6F 64 69 65 73 2F 4D 5F 4D 45 44 5F 50 72 69 6D 1A 00 A2 73 68 13 00 87 5F 41 6E 69 6D 42 50 5C 00 18 63 6F 6D 2F 43 6F 64 65 74 00 EF 03 46 6F 72 74 6E 69 74 65 2D 48 65 78 2D 53 77 61 70 73 3D 00 F2 5F 43 0C 33 00 00 4A 00 56 43 75 73 74 6F 6D B2 00 6F 06 42 6F 64 79 50 61 72 74 44 61 74 61 43 72 65 61 74 65 64 42 79 E6 00 0B 41 74 68 65 6E 61 2F 48 65 72 6F B0 00 20 B7 00 30 D1 00 23 43 50 5F 1F 00 37 5F 42 6F 64 79 5F 4D 8C 00 41 47 CB 01 0F 19 54 7B 85 0C 2D 3A EC 7B 7E A2 42 63 10 83 7A 73 E9 71 0B B6 57 37 B4 79 18 69 40 56 99 65 CF 69 E3 22 58 A5 6D 55 F8 70 F0 01 00 FF 01 31 1A 39 00 39 08 00 00 00 02 00 00 00 01 10 00 40 48 00 F1 FF 99 40 48 00 F1 00 D9 22 03 05 12 00 31 62 38 00 31 09 08 00 40 38 00 40 88 00 40 10 00 40 88 00 39 00 47 1F 9B 74 D3 18 8E 0B 30 00 40 78 00 71 00 10 00 71 01 0C 00 F0 C1 30 BB 00 7F 02 00 01 04 09 02 05 04 81 02 01 02 05 03 01 02 01 01 2B 00 40 23 00 71 00 14 00 00 0C 00 F2 07 00 B1 00 2C 00 34 80 05 01 03 13 00 61 06 1A 00 50 47 00 33 00 03 02 16 00 71 05 1E 00 F0 7F 0B 00 3A 09 00 00 00 00 00 00 00 00 00

----------------------------------------

Search (pakchunk20-WindowsClient.ucas):

8C 0A 00 20 79 88 20 77 00 00 00 00 58 3C 00 00 00 15 20 3B 01 00 00 00 22 00 80 09 45 E3 39 00 00 4B 3A 43 3B 8B 3B 9B 3C 01 47 2D 00 00 64 C1 00 00 CA B6 9A DC 81 46 B1 7F 67 36 62 2F 3B 71 A3 83 E0 71 5C 84 4E 5A 07 F2 0D B7 75 93 8E 8B 51 A8 85 4C 3A 97 DC 8C 3F 92 F9 4F 9C 58 E7 7B 47 6C 1C 24 91 B7 70 BD 15 8A CA 6E 07 38 E4 D3 9A D8 B7 7B 34 E7 F2 77 32 39 86 9F E1 22 A8 71 0E 55 2D 1C 3C EE CA C8 E0 7D 2D 0B 30 19 32 E4 D4 77 C5 FD A5 CF E0 D7 15 C3 A8 69 34 20 37 9C 39 9B 38 7A 96 77 A8 EA 01 56 E4 D5 67 61 9E 0A F8 CB 42 5C EB FF E2 8C 0A 62 5A 90 7E 91 80 E9 E0 9A E1 17 D7 B4 68 ED 1E 9F CA 67 BA 6F 70 A7 38 4A 60 2E A0 4F 97 7A B5 DE D2 CD 5C 63 1B 8B F0 ED B5 89 DE 7D 3E F6 7D 79 5D 01 44 AB 90 06 63 7A D0 C5 71 78 6D 4A 01 A1 FE 11 72 3F 16 6C 7C 94 5C AA 7D B4 0F D4 C5 90 39 FA DB 8A 12 94 9E F8 D4 84 7C C6 01 C5 6D 7F AC DB 35 D2 3B D8 C5 23 B7 8B 0A 6C 1D 6E B8 56 8A 64 05 A8 6D A3 55 EB 80 F1 96 F0 47 FA C1 B9 80 46 88 6D 13 EE 5D BC 75 3C B9 CE B2 8A 70 84 D5 61 86 AA C3 A0 DA 6B AB E1 3D B1 75 ED DF 8A C7 76 3E 4D BF 73 3E BC F8 80 66 0F 3C 8C B2 A8 FE 8B 23 19 3F 3D 8E F4 81 1A F9 96 0D 60 10 42 D1 1F 76 AA 4F 84 50 52 0B FE 37 6C 6D 03 C8 41 7E 4A E9 D8 C8 FD A3 EB 7C DE 13 C2 E3 CB D1 42 0D A5 E4 AC 51 4F C9 8E F4 CD D6 6F EA 52 78 86 B5 3B D0 02 37 EE B0 45 F5 54 00 A9 44 3A 4B F2 DC C5 47 87 74 77 A2 77 EC 8C 46 B5 16 C8 C7 4D 8B C6 A3 A6 FA B6 97 C8 B0 13 E3 81 53 B3 9C E2 87 06 A1 FF 4B 80 04 92 74 DD 82 39 5E 32 A6 C0 37 24 65 B6 6F 8A C0 7C 41 1D D0 00 6F D4 77 50 2D 8B FD 8D BE D1 DE 04 29 71 3B 5B 45 7B 54 7F 5E BE 1C AB 00 6B 04 18 D5 C1 3A 1D DD E9 17 18 53 B8 21 03 F2 FD 47 8F AD 6B FD F4 11 2F 69 A8 08 BC 8D 43 44 F3 DC 4A 5C 5D 2D 6E B0 40 26 AC 81 93 CF 86 44 BF 15 F3 E3 BE 5B B0 31 C3 EF 53 AB 3F DB 21 F3 E8 65 87 CE 91 45 FB 99 96 1D 29 B9 29 E3 65 AB 00 D8 4C D2 00 91 51 55 55 02 C5 9F 09 2B 31 14 86 2F 4B 83 54 00 07 97 C0 02 5B C5 0D D7 F3 5F 44 59 05 18 5F C7 F3 53 BA 0A 56 5A A9 56 E8 9E 43 AA C9 21 04 AF 1D 87 3E F8 AF 79 27 3E 5A 60 A8 54 F6 17 86 CC 9F D3 F2 1C 6C 7D 81 0C 2D 98 7E EF 2A C8 F5 10 0C 93 AC 58 F4 85 FB 3B A2 76 DF EE 35 F5 F9 68 1D 4E E3 37 11 37 73 31 DA B7 E8 49 7D 0A 10 69 90 02 69 C3 97 42 DE 7D C0 64 E5 EC F3 CA 2B BE BF FC 8D 32 3D 21 10 25 86 B6 B0 5D F3 FA 2B D8 54 A7 F6 BF E8 F8 16 C0 2E FD 30 62 C8 DF E1 8C 7A FE E6 10 E0 2E A5 81 BC A2 46 2D 68 4D D6 6A 96 22 C8 B1 1F 9E 20 D3 0A 2A 75 1A 93 7B F4 9E 6E E1 9D 21 F2 E7 63 A1 D3 52 A1 81 0D 17 EB 40 E9 F1 BF 9F 0E 8F 27 87 73 26 D3 4D FF C0 9F 4A 6E 83 50 DF 8E EC B9 FE 42 15 00 BC C9 F3 23 E7 4E B1 7D 71 2C A3 8E 8A D5 25 24 4C 99 B8 7A C7 FF 63 58 AA D6 E1 99 EB C4 4C DC 0B 38 97 CC 11 BB 14 D4 F0 34 C6 F6 99 DE 9F 47 B0 94 62 B8 5C 4F 0F 85 E5 86 E6 4A 8E 60 D6 EC 1F 00 FD 11 E3 9B CC 84 63 87 9D B0 25 7D C5 B9 A5 F7 CF DF 71 F8 51 17 74 5A F5 65 26 BA 48 31 F6 A9 9B 46 BA 20 F2 65 E7 91 39 18 4D 06 5C D9 38 07 F1 76 45 08 6C 8D 4D A6 DC 94 48 4F D9 6A B9 BD AD 73 1F 40 B9 0F 26 C3 BA 0A 13 CF B8 F9 92 64 D9 32 B2 50 FC EA 6F E9 2E 96 47 8E E9 FA 76 4F B2 FD 46 9D 25 99 D9 80 CD 3C 90 2F 6A FE B9 9E 9B 5E 2D B9 01 02 4F B7 06 C2 1F 4A 97 96 69 4D 63 3E 3C A4 00 76 56 E5 76 D1 EC 97 AC 9A 34 2D 1A 75 3D 24 6A 9C EC C0 B7 BF 8C E9 CF B2 C8 27 B1 00 BE 07 7E 4D 7A 49 63 62 F0 DA 01 6D 45 28 01 E2 C5 0B 8C 8F 05 72 2D 80 A5 7E 14 23 C6 EE B5 0F 0F 5C 78 D6 D9 30 1C 8F 16 71 9A C6 EB 7F EA A9 CD A7 83 9E B6 62 62 B2 EF C7 86 0E 22 53 60 EB C8 E4 FB DA C0 36 8F E3 B1 CA 2C 58 4A E0 C5 96 20 EF D0 27 24 90 8E CD 2D 84 36 BB 8A C4 85 63 59 A0 FA 96 D9 EC A8 61 B2 32 30 2C 41 07 74 6B 57 EF 91 7F 73 D2 BD 86 F1 F6 85 E0 65 DA B9 DB 09 81 BF B3 AA BC 8C 14 50 73 C5 7F 61 14 11 46 88 8B CE 57 D1 28 5A D0 8B 1A 5A B1 23 E0 DC B7 76 D1 C8 89 56 A9 C5 00 C1 98 67 52 22 29 51 7E E0 A8 1C 2E 65 3D 07 FD 49 72 46 27 54 A2 7F 66 53 B2 DB FB 31 A6 F3 09 A2 5D D6 3C 7B AF B7 7F E8 26 A7 6A BA DD F9 A9 33 EB D7 B7 F8 E9 86 7C 84 9E 19 25 68 F1 BF B7 E9 70 A6 8D 1B F3 EB 21 40 A8 BA 52 B5 91 FF 91 AF 89 21 71 F5 7F D7 45 3A BD FC 7F 43 7D 8B 93 DB C0 46 B9 C3 20 09 E8 46 4F F9 78 C3 09 95 31 4D 59 7C 88 98 15 98 12 BB F6 AD B3 B5 75 DB A1 3C 8F 48 EA A5 0D 41 CF A1 28 57 B9 5E D4 06 6E 3F 1B A0 05 DC D2 07 49 99 52 60 8F 1C B7 99 82 A6 2A EB 84 B0 88 60 3A DC FF D1 BA 67 D0 53 9D 95 F6 DB AD 81 8C F2 7D 67 BC B8 18 A3 26 9A 51 8F FB A1 F3 65 09 0E 65 D1 90 55 5E EB C5 C4 E0 84 4A 6B A7 30 F1 A8 B3 A9 8C 67 0C 8F 81 D1 E0 08 75 84 0B 13 6E 25 22 9A 0D 7E 9D 14 CE B9 C7 AF 01 74 7E 4C 91 A0 0E E2 75 EE 9F 8D 4C 17 E9 13 19 B6 6B 8C AA 31 20 D8 A0 9B 98 EF 63 1A 3D 27 C1 42 0E 51 42 5C FD E1 94 69 37 AE CD 1F FF AD 5C F9 0E B1 B5 48 38 AA AD B2 FF C4 1E FF F5 FA 98 D6 03 89 FB A5 13 E0 E8 F2 99 AF 04 59 58 7B 7B 16 F0 54 B5 6B F7 BD 01 30 40 12 D5 86 BE C8 BF 5F 30 08 78 E6 1B A9 B8 68 51 65 EE D5 C7 44 F4 6D 3A 02 A0 85 57 79 16 D0 1B DA A5 0A 38 67 0B B0 C2 F1 29 16 63 1A 0D D4 4A 03 0B DD C1 BC 05 D5 53 2F 31 35 96 E3 44 51 B0 A3 4E E4 F6 28 2E 4A 56 39 14 17 A7 A3 FC DA 78 7C CB FD DB 82 49 0C 37 81 56 51 EE 99 AC A2 A9 0C 66 98 C0 0D 03 AC 70 90 F1 57 3D A6 CF 8A 8D 68 0B 00 5D CC 00 72 4D FD F6 5D 7F 12 23 E4 F5 BE 99 4E 19 7A 9D F1 11 0F 6E 3B E9 D0 6B F0 53 01 0D 23 43 42 53 C1 91 64 22 DF 6F 69 6C 93 FF C0 BE D2 D2 23 8C B4 14 E4 1A 32 52 53 00 E1 0B 76 CB 7D 90 9B 67 2A D0 42 14 55 17 85 6A 35 DC 7C 8C 73 97 8C 44 CD 91 1A 6B 15 5F A8 8E 62 6D 42 EA D7 99 7E 50 6B CB EE 24 86 AB 29 C6 9B F2 D9 E0 40 5E B3 E5 62 88 AB 46 34 5D FE 39 49 39 DD 56 B8 2E E4 72 90 D7 39 14 66 47 F9 3F 84 B3 49 88 6E 3D 6C BB 1E 6F 70 91 CC 5E 91 C5 5F DC 7A 80 C9 93 E0 04 51 2E AA 96 33 59 E0 6B BE C5 56 09 1C 08 16 47 81 DD 65 C4 E2 32 A4 E5 A4 6D CB 88 EE 0E 6E 0E 34 BD 0E D0 56 CB 32 3F D3 98 88 61 22 3A 25 85 38 CF 30 43 C7 FE D3 4F B8 BE 45 7E BB D6 F5 9C 26 E8 4E 92 C2 84 10 31 FF EE B4 63 DE 2D B0 EF FF 04 67 47 8E 1E 05 5E 29 F8 67 44 37 1B A7 67 7F FE 1A F4 05 B4 6A 0D EE 34 B5 9F 17 E7 48 8B EF AE 57 92 43 7A 6E D9 43 CF DE 24 5F E1 90 7C 79 A0 9D D6 1E 2E EA 44 89 78 50 F0 4A 61 A1 F9 4B 96 45 35 5B 75 BD 1F 1E 65 C4 4F C2 AC 6A 54 58 31 3F 4A 92 FA CB A5 15 3B 8A D0 AF BE 07 AD B6 29 0B AB 25 DB 1F FA 3D 44 65 9E 76 14 57 89 F4 CA E5 AF 6E 68 F4 AD A4 C1 FE C9 1D 29 B2 29 34 CA 3D BE 16 69 48 43 A6 52 E8 8D D5 A0 04 E8 18 C2 4D 4F C8 52 68 07 19 30 F0 41 B5 0F B7 13 F0 0A B9 95 AE 12 15 95 12 C1 AE 32 27 DE CB 6A 36 BB 46 05 E5 81 D3 C7 68 DF 16 70 72 3F 90 FD E6 A5 F8 A7 04 77 28 27 B1 01 AC 2C 44 7D 44 5C 18 47 63 9B CB 24 BE 45 01 EE 29 29 A3 18 B1 01 51 FE 1A 01 81 69 B2 DE E9 76 50 C6 E2 D1 90 8D 77 AD 13 47 F2 D5 A6 01 28 A2 FA 9F 59 72 29 A9 7C 65 4D F7 3C 48 6B 3C 1E 7B 7E A2 96 51 68 B9 25 25 82 06 C1 EB 51 EA A6 7F 2A A6 12 31 92 40 D3 77 73 53 9D B6 29 97 D6 A8 4A 63 2D B9 00 77 6A A2 03 38 53 7A 49 24 36 01 5D 62 EC CE D8 31 C6 7E 99 C5 AE 9D 21 87 A2 A8 6F FE 4A BC AF AD 83 42 CA FD 9F AB 4B 3D 2D DE 58 99 11 44 84 FB ED 72 ED CB D5 48 90 49 5A E5 BD 15 CA 98 5A C5 F8 A0 91 66 DA 1F CF D2 11 3A BE C3 35 BD D6 0B 83 FB 29 61 01 52 E1 E1 B9 D0 BC 6D 10 59 97 E0 D6 1E 44 5B 6B AE 78 32 2B 58 39 E8 95 13 3B 35 67 5F 0E 6A 72 B5 54 ED F5 DC 52 D3 23 C2 ED 6A 23 40 8D EE 28 BC 1E A3 08 A7 5C F8 A6 17 15 18 6F 55 3E 4A 5B 03 37 F0 3E 35 2C A4 72 3D C6 19 D0 95 D3 56 88 01 E3 41 15 5D C7 C0 11 DB 6B 91 42 7D 92 26 3D 12 1A AB 7C 98 80 F0 09 FD F6 C2 68 91 28 EF 9D 23 AB 57 6F 84 64 76 6F 76 D0 38 52 42 4C DA 16 44 77 37 0A C4 EE 7C 32 8D 38 68 80 EF 5A 99 79 1D E7 84 FA 26 C3 06 1A C2 C8 C7 29 03 C8 72 12 E5 25 75 B5 50 CC 4C 6A BC 0E D3 77 83 9E 83 47 CF 0C AC 4A 83 DB F4 D7 40 90 A6 6F AB E4 78 06 E6 80 B3 80 CA 25 94 69 86 A5 F7 FF 6B CA 82 9A 9E F9 3F 73 07 DD EC 21 A0 15 AF 70 39 86 2D 4E B8 5D C7 16 39 6A F5 D3 31 75 78 6F CB E5 24 12 2F 5F F3 38 F7 5A 3C 67 DF 7A 5C 71 FA 47 08 00 28 00 37 00 2E 00 28 00 6E 00 75 00 53 00 75 00 53 00 61 00 55 00 5A 00 5A 00 6A 00 61 00 53 00 5D 00 67 00 5A 00 61 00 52 00 77 00 52 00 57 00 58 00 57 00 58 00 43 00 33 00 39 00 40 00 35 00 35 43 00 3B 00 37 3B 00 3B 00 43 00 31 32 00 34 00 32 00 32 32 00 37 00 38 00 34 34 00 23 00 1C 00 1A 22 4B 00 47 00 4C 00 41 3E 00 44 00 48 00 46 44 00 44 00 47 00 47 45 00 43 33 00 38 00 38 00 31 4D 00 14 00 2D 00 0E 0F 00 1F 00 17 00 17 1A 00 1F 00 1B 00 19 21 00 17 00 1D 00 15 0E 00 0C 00 14 00 13 16 00 13 00 11 00 1E 11 00 13 00 10 00 0D 0E 00 14 00 11 00 0F 14 00 0D 00 1C 15 00 14 00 1E 00 1C 12 00 14 00 18 00 18 15 00 12 00 15 00 17 1B 17 00 0A 00 13 00 22 19 00 19 00 1F 00 22 1F 00 21 00 20 00 28 2C 00 24 00 21 00 1F 1F 00 23 1F 00 25 00 25 00 26 1F 2A 00 1E 00 22 00 22 22 00 2A 00 2A 00 25 21 00 25 00 24 00 23 23 25 00 1F 00 24 00 27 28 00 23 00 1E 21 00 1E 00 26 00 20 29 00 29 00 29 00 29 21 23 00 23 0A 00 17 00 1E 00 1A 1D 00 20 00 25 00 27 1C 00 1B 00 18 00 16 1B 00 20 00 21 00 1B 17 19 00 17 00 26 1A 2D 00 30 00 14 00 0E 1C 00 0E 00 23 00 26 17 00 27 00 13 21 17 00 18 00 19 13 0D 00 13 00 1B 00 1F 0F 00 0F 00 0F 00 0F 0E 0E 00 0E 0E 23 13 00 19 00 15 00 16 0B 00 13 00 10 19 00 0A 00 1D 14 00 14 24 00 0F 0B 00 0D 00 18 26 2F 47 61 6D 65 2F 41 62 69 6C 69 74 69 65 73 2F 45 6D 6F 74 65 73 2F 47 41 42 5F 5F 47 65 6E 65 72 69 63 5F 54 72 61 6E 73 66 6F 72 6D 61 6F 6E 2F 50 6C 61 79 65 72 50 61 77 6E 73 2F 4D 65 6E 75 53 63 72 65 6E 5F 41 74 68 65 61 2F 53 70 72 61 79 6E 69 4D 61 69 6E 43 6F 6D 62 61 74 2F 4D 65 6C 65 65 2F 43 79 62 65 72 41 72 6D 6F 72 46 65 6D 61 6C 5F 50 69 63 6B 61 78 65 5F 48 61 72 76 65 73 74 69 6E 67 5F 6F 5F 43 4D 5F 4D 31 44 75 61 6C 57 69 65 6C 64 2F 41 6E 63 69 65 6E 74 47 6C 61 64 69 61 74 6F 72 5F 4D 43 6C 61 77 2F 43 6C 61 77 45 6D 62 65 72 62 65 72 73 46 69 73 74 73 2F 46 69 73 74 73 4B 6E 69 67 68 74 43 61 74 4E 69 74 72 6F 46 6C 6F 77 4F 72 64 65 72 47 75 61 72 64 2F 73 47 61 6C 69 6C 65 6F 5F 46 65 72 72 79 6F 6E 74 61 67 65 4F 6E 65 48 61 6E 64 65 64 2F 42 52 5F 73 77 6F 72 36 30 46 5F 4D 43 41 53 2F 43 41 53 45 74 68 65 72 65 61 6C 46 46 72 75 69 74 43 6B 65 73 79 74 68 65 2F 53 79 74 68 65 5F 54 77 6F 4C 61 6E 63 65 2F 4C 61 6E 63 4E 61 72 72 6F 77 47 72 69 70 2F 55 70 70 65 72 42 6F 64 79 2F 42 61 73 65 42 61 6C 6C 5F 42 61 74 62 42 53 74 61 66 66 2F 53 74 61 66 66 73 2F 46 72 6F 6E 74 65 6E 64 41 2F 32 68 61 6E 64 45 5F 5F 49 64 6C 65 53 77 69 6E 67 43 6F 73 6D 65 74 69 63 73 2F 43 68 61 72 61 63 74 65 72 50 61 72 74 73 2F 42 5F 50 72 65 76 69 65 77 44 69 73 70 6C 61 79 6D 6D 50 57 65 61 70 6F 6E 6F 6E 74 72 61 69 6C 53 6B 79 44 69 76 65 53 6B 79 64 69 76 65 5F 6D 69 78 5F 46 4D 49 74 65 6D 57 72 61 70 4C 6F 61 64 69 6E 67 4D 75 73 69 63 50 61 63 6B 73 2F 42 48 65 72 6F 65 73 68 6F 64 43 50 5F 5F 46 5F 46 61 6C 6C 62 61 63 6B 4D 6D 61 6E 64 6F 5F 46 5F 49 6E 6E 6F 76 73 42 61 63 6B 70 49 44 5F 52 6D 73 2F 43 54 72 61 69 6C 73 44 61 6E 63 49 44 5F 4D 6F 76 65 73 47 6C 69 64 65 72 5F 57 72 61 70 4C 53 44 65 66 61 75 6C 74 42 61 6E 6E 65 72 73 43 6F 6C 6F 72 43 61 74 65 67 6F 72 4D 61 70 49 63 6F 6E 4E 6F 46 65 41 63 63 65 73 6F 72 46 5F 4D 45 44 5F 50 6F 6E 79 74 61 69 6C 4D 65 64 69 75 6D 2F 48 65 61 64 4D 48 65 61 64 45 6D 70 74 79 41 76 67 5F 5F 5F 50 68 79 73 41 73 65 74 45 6E 76 69 72 6F 6E 6D 65 6E 74 2F 42 6C 75 65 70 72 69 6E 74 74 74 6C 65 50 61 73 73 43 75 72 72 65 6E 63 79 49 49 4F 6E 49 49 54 6F 47 6C 6F 62 61 6C 2F 54 65 78 74 75 72 2F 42 6C 61 6E 6B 73 70 61 72 65 6E 31 78 31 55 49 2F 46 6F 75 6E 64 49 6E 70 75 74 41 63 44 61 74 61 54 61 62 6C 65 63 2D 2D 2D 31 32 38 73 2F 46 4F 52 54 5F 42 61 73 69 63 5F 4D 61 72 6B 5F 49 49 49 44 5F 53 63 72 69 70 74 2F 46 6F 72 74 69 74 65 5F 43 5F 43 5F 43 30 30 33 5F 52 65 64 34 5F 42 6C 61 63 6B 33 31 5F 44 69 6E 6F 73 61 75 72 34 33 5F 50 7A 7A 61 35 31 5F 4D 65 72 6D 6E 33 5F 4A 61 69 6C 62 69 72 64 35 5F 50 53 42 75 72 6E 6F 75 35 37 5F 56 73 69 74 6F 72 38 44 61 72 6B 45 61 67 36 43 61 72 62 69 64 65 37 36 5F 53 68 61 72 38 30 74 72 65 65 74 52 61 63 62 72 61 38 31 5F 53 63 75 62 32 46 65 6D 33 4C 69 66 65 67 75 61 38 37 5F 45 78 65 72 63 69 73 65 39 57 68 69 74 65 39 30 5F 39 33 48 69 70 70 69 34 35 5F 52 61 76 6E 51 75 69 6C 6C 31 30 37 5F 47 61 72 61 67 65 42 61 6E 64 31 39 5F 56 6D 70 69 72 65 32 33 5F 44 4A 34 5F 53 63 61 72 65 63 72 6F 77 4D 35 34 36 5F 6C 4A 61 63 6B 65 74 73 37 4C 69 6C 4B 65 76 36 33 5F 49 63 65 69 6E 67 38 36 5F 47 69 6E 67 65 72 62 72 65 61 43 39 31 30 33 31 5F 52 65 74 72 6F 35 65 76 61 6C 39 46 5F 44 69 73 63 34 33 53 74 65 61 6C 74 68 34 63 69 50 6F 70 36 48 6F 6C 69 64 61 79 53 77 65 61 74 65 72 38 35 31 4D 45 6C 66 36 6B 69 47 69 72 37 32 4D 5F 53 63 6F 75 74 37 38 61 76 65 34 41 73 73 61 73 73 69 6E 39 52 69 64 39 35 31 30 42 75 6E 6E 79 37 50 61 6A 61 6D 61 31 35 4D 75 65 36 61 63 6B 39 46 6E 64 32 32 4D 65 74 61 6C 33 46 54 61 63 74 63 61 6C 57 6F 6F 64 6C 61 6E 64 39 44 65 31 57 61 72 70 61 69 6E 74 34 35 46 36 4D 42 61 73 6B 65 74 37 46 35 30 6F 63 63 65 72 47 75 6D 73 68 6F 65 39 44 61 72 36 35 4D 56 69 6B 69 6E 67 36 46 37 4D 5F 39 31 38 39 46 5F 42 6C 75 65 53 61 6D 75 72 61 69 32 30 36 42 6C 32 32 39 42 6F 34 35 75 72 72 62 75 72 67 50 6A 73 35 48 61 6C 6C 6F 77 65 65 6E 32 37 75 73 68 43 68 65 66 38 59 65 74 38 4E 65 38 4D 39 37 4D 61 33 31 65 72 69 79 61 6B 69 46 69 73 32 38 46 6E 6E 69 73 35 32 53 68 69 35 35 36 52 65 62 69 72 74 68 41 37 42 38 43 39 44 36 30 4D 41 31 42 32 43 33 41 5F 32 37 32 72 69 6D 65 33 5F 42 34 43 35 44 36 45 37 46 38 47 39 4D 38 30 4D 38 31 43 32 44 33 45 34 46 35 47 2E 2E 42 70 69 6E 41 70 70 6C 65 53 6F 75 72 53 69 6E 67 6C 65 44 6F 6E 75 74 50 6C 61 74 46 61 6E 6C 61 69 6C 48 6F 77 65 72 54 61 70 61 73 57 61 73 61 62 69 53 65 61 53 61 6C 53 74 61 66 66 55 73 65 72 46 61 63 69 6E 67 46 6C 61 67 73 2E 42 75 69 6C 74 49 6E 5F 43 2E 76 54 72 69 67 67 65 2E 52 65 6D 6F 76 65 44 69 73 67 75 69 65 2E 73 2E 4E 50 43 2E 53 6C 6F 6E 65 54 6D 46 6F 72 53 74 61 74 4F 62 6A 65 63 74 5F 53 65 61 73 6F 6E 57 69 6E 73 43 5F 43 43 75 65 2E 43 72 61 74 69 76 65 2E 50 6F 73 73 65 73 73 50 72 6F 70 47 72 61 6E 74 65 64 2E 44 69 73 68 46 52 65 6D 6F 4C 74 48 69 64 65 20 45 6C 65 20 30 31 32 33 34 35 36 37 38 39 31 30 32 33 34 35 36 37 38 39 73 4F 6E 6C 79 43 6F 6E 73 52 65 64 43 68 6C 48 54 5F 43 72 75 6E 63 68 56 65 72 74 5F 43 5F 43 4D 53 5F 43 54 6F 5F 43 6C 00 CC 96 98 D4 47 82 3B 96 5E 65 28 3C 21 CE 7D 8B F2 B0 A2 62 C4 0B 2E 44 64 09 3C 4B 5E C2 10 22 21 B0 42 CF 94 88 49 90 62 56 99 E1 05 DC D9 14 13 7E BD BC 55 A5 9E 14 E2 20 33 9A 39 E9 0E 92 FB FF 9C 0E 04 F5 7A EB 06 47 09 76 9C 91 2E 5D 8D DD 11 29 F5 8E 73 23 EA F1 7F 30 46 96 6D CB F7 92 51 62 93 D9 A3 5F 80 04 80 02 00 00 00 07 80 03 00 06 80 04 00 08 80 05 00 0C 80 B5 EA C0 A1 E4 12 9C 54 06 00 0B 00 00 80 07 00 00 00 01 00 00 80 08 00 00 00 05 00 00 80 09 00 00 00 03 00 00 80 0A 00 00 00 09 00 00 80 0B 00 00 00 02 00 00 80 0C 00 00 00 0A 51 E2 BB CC 04 08 76 FF FF FF FF FF FF FF FF E3 22 58 A5 6D 55 F8 70 0D FC B9 34 75 AE 70 78 3C CB 8A 60 E2 D4 31 70 09 45 93 13 3A 01 65 DE BD 2D 5F 46 F7 DE 0B 01 02 08 0C 0A 01 09 03 02 04 0B 0D 07 05 0E 01 0C 02 50 01 02 01 12 02 0C 01 02 02 01 02 01 07 01 03 03 04 01 04 01 03 01 00 03 F7 05 01 01 00 20 20 41 4E 59 28 20 20 29 00 38 2B 27 E8 00 05 00 03 FA 3B EA 00 28 E9 F9 03 3A ED 29 EB 39 EC F4 FF FF FF 37 00 5F 00 00 00 00 36 5E 34 5C 35 5D 15 0D 01 0F 10 11 12 13 14 15 17 16 06 18 19 1A 1B 1C 1D 1E 1F 20 00 21 32 00 F2 00 4D F1 4C 63 2D F4 08 2A 84 00 2B D1 2E 07 01 30 26 31 28 33 2D 2C 36 2F 38 FE FD FF FF FF FC FF FF FF FA FB 1E 51 BF 00 C0 C1 C2 87 89 88 A2 B4 B8 94 AB 9A 9B 97 A4 95 A0 8A 90 92 AF A9 A8 A7 A1 9F 96 9D B6 00 BB BC BD BE 8D 8E A6 A3 9E A5 9C B0 AA 93 B7 B9 B3 AE 91 B5 B1 BA 8B 8C 8F 98 AC AD B2 99 50 66 67 74 6B 68 78 69 83 81 77 76 79 7A 6E 6A 6C 72 73 75 6D 7E 7D 7C 7B 71 6F 70 82 80 7F F6 FF FF FF F5 FF FF FF 4A D3 42 22 21 54 00 22 55 48 39 23 56 43 25 26 5A 46 31 24 57 44 29 1E 59 00 20 30 01 1F 2F 17 FF 18 00 19 FD 1A FE 00 41 08 01 1B 52 00 1C 53 00 1D 5B 00 25 58 45 2E 3E 60 40 EE 3F 65 00 47 35 01 02 27 01 F3 FF FF FF F7 FF FF FF 49 37 4B F2 FF FF FF 0E C3 C4 C5 C6 C7 C8 C9 CA CB CC CD CE CF D0 F8 FF FF FF 00 FA 43 00 03 13 DA 08 F3 DE 0E 01 D9 11 F8 00 D6 10 86 E5 0A FB E1 06 D2 E0 13 33 01 D4 0F 85 00 DB 09 F5 DF 05 4F D5 15 64 E6 16 32 01 E2 0B 23 E4 0D 2C E3 14 24 DD 12 01 D8 04 F0 00 D7 07 EF DC 0C 2A 01 09 80 0B 09 02 03 E7 F6 01 01 02 00 01 57 2C 20 20 29 00 80 0B 09 0A 01 02 28 4C 4C 47 20 29 01 0C 01 2D 09 C0 06 01 29 61 00 3F 3D 00 62 00 3C 61 4E FC 00 00 00 00 00 00 00 00 00 00 00 00 00 00 00 00 06 8B 92 92 96 96 92 92 99 92 92 96 00 28 9D 8F 8F 8F 8F 99 8F 8F 8F 2B 8F 8F 8F 8F 8F 8F 9F 8F 9F 2D 8F 8F 8F 29 8F 8F 8F 8F 3B 8F A9 8F 8F 8F 29 8F 9D 9F 4F 29 23 78 8F 8F 2F 8F 99 2D 21 28 8F 8F 2D 29 2D 29 2F 5F 99 9B C9 99 8F 9D 2D 2B 3B 8D 87 87 87 2F 87 79 F8 D0 87 94 7A 8F 87 8E 8F 7A 35 28 78 62 3C 87 87 87 7F 98 87 87 26 8B 7C F8 F8 87 87 87 7D 90 49 78 98 79 F8 F8 D0 87 7A F0 F0 F8 F8 78 F0 A8 78 F8 F8 F8 F8 C8 78 F8 F8 F8 F8 C0 25 7C F8 F8 F8 F8 C8 87 7C F8 F8 F8 F0 87 52 58 28 78 F8 F8 D0 87 52 78 F8 F8 F8 D8 87 2C 20 51 78 F8 F8 F8 A8 87 76 78 A0 7E F8 F8 87 87 23 28 38 7D F8 F8 D0 7F F0 78 F8 F8 E0 87 49 78 E8 F9 F8 F8 E0 8E 52 40 30 78 F8 F8 E0 87 7D F8 F8 F8 F8 BB 87 7B 78 F8 F8 E0 87 87 87 87 2D 99 69 78 F8 F8 F8 98 87 7C F8 F8 98 38 87 23 91 3E 91 39 7D F8 F8 F8 F8 C0 7D F0 F0 F0 30 48 50 78 78 F8 F8 F8 E8 68 38 87 87 87 6E 87 7F E0 41 7A F8 F8 7E F8 E8 27 47 78 F8 F8 90 3F 7E F8 F8 B8 F1 C0 40 38 78 F8 B8 87 21 40 78 F8 B8 37 20 68 78 F8 B8 87 22 48 78 F8 B8 38 3B 78 F0 C0 40 38 78 E0 25 22 22 3A 21 87 7C F8 F8 A0 F9 F8 F8 28 20 87 26 28 60 28 59 35 24 79 E8 50 7B F0 78 A0 7E F8 B0 24 2B 7D F0 46 79 F8 78 7C F0 78 B8 7A F0 C0 50 58 78 F8 78 3F 78 F0 C0 40 68 3F 87 25 78 C8 7B D0 78 B0 7C 60 68 60 42 78 F0 98 91 8D 3B 55 87 7A F0 98 38 87 2C 20 60 78 F8 90 79 60 9C 25 78 40 38 20 24 28 39 8F 7A F0 F0 A0 30 78 87 54 87 2B 40 38 58 78 F8 F8 C0 87 79 F8 F8 F8 90 87 7A F8 F8 F8 38 79 F8 F8 F8 28 22 78 F0 F0 F0 68 78 F0 F0 F8 50 79 F8 F8 F8 40 79 F8 F8 F8 30 78 F8 F8 F8 90 7A F0 F0 F0 A8 28 68 87 56 8F 28 8D B3 87 31 4D 38 22 87 7A A0 50 20 20 21 21 21 34 30 2F 38 68 7D C8 48 38 87 42 79 21 87 8C 23 78 F8 F8 30 40 30 48 78 F0 7A 40 78 40 78 60 78 78 78 60 78 58 78 F8 7A 48 78 68 78 B0 70 60 78 A8 78 90 7A B8 78 A0 78 90 78 F8 78 40 20 37 30 5F 87 2C 8C 2B 8F 31 87 23 30 87 33 8C 35 89 3F 91 2F 28 37 92 87 21 4B 5F B1 4B 89 5F 87 54 61 5D 7B 50 8A 5D B1 68 8D 56 87 DF 8C 5D 43 32 87 4D 51 58 2B 87 61 89 2E 8E 2B 87 3E 40 78 A0 78 F8 A0 29 39 48 38 FA C0 FA 98 36 F9 A0 20 34 F9 90 36 7A A0 37 F9 A8 35 F9 A0 87 37 F9 D8 58 28 F2 98 C1 2B F1 38 35 FA 90 AF F1 B0 28 28 79 B8 23 30 F9 A0 87 29 F9 A8 3B FA A0 20 38 7A A8 35 F9 A0 26 30 FA 90 51 32 F9 E8 33 F1 98 99 32 FA A0 35 F1 98 E1 78 A8 8C 87 34 F9 A0 32 79 B0 87 31 F9 A0 40 30 F1 98 F9 F9 90 39 26 30 F9 90 F9 B8 FA A8 2D 30 78 A8 37 F9 D8 33 FA 90 29 36 F9 90 51 28 F9 98 FA 79 E8 7A A8 78 30 F9 98 87 A6 FB A0 3A F3 A0 28 22 28 FA A8 97 2B F9 A8 87 4A 7A B0 8B 34 79 A0 33 F1 30 2A 30 F9 90 31 38 FA A0 32 7A B0 87 33 F2 98 99 2C FA A0 33 FB A0 3F 31 F1 F0 A8 B1 F1 F0 A8 B1 F1 F0 A8 A9 FA 90 F9 B1 F1 F0 A8 B1 F1 F0 A8 B1 F1 F0 50 7D A8 44 F9 C8 42 F1 D8 C1 F1 D8 C1 F1 D8 C1 F1 D8 C1 F1 D8 C1 F9 90 69 F2 98 F9 F2 58 C1 F9 D0 C1 F1 D8 C1 F1 D8 C1 F9 D0 51 78 C0 78 F8 48 B9 22 7B A0 50 78 98 28 87 7A 98 50 48 78 E8 7E C0 87 7A A0 78 E0 30 78 98 7B A8 7C 98 38 28 78 98 48 78 98 21 87 7A E0 7E 98 48 78 98 28 78 98 50 78 98 7E A0 D5 87 87 87 2A 78 D0 78 D0 78 D8 78 F8 98 78 E0 78 A0 78 A0 7A F8 F8 78 F8 F8 98 78 A8 70 78 E8 70 78 F8 A8 28 21 29 8E 87 8E 29 40 49 78 F8 C8 40 87 74 21 79 C8 4B 87 87 7F D0 78 D8 78 C0 78 C8 78 D0 78 98 79 F8 90 7A 20 78 F0 C0 28 20 8E 87 87 6B 20 78 87 31 68 78 25 30 78 D8 F4 98 91 21 68 87 21 73 F1 F1 F1 F1 F1 F1 F1 E9 70 EA 69 E9 E9 E9 E9 E9 E9 A1 38 87 2A 25 87 27 70 7A D0 78 B0 78 38 58 78 90 7B 48 68 78 D0 50 78 F0 70 38 68 78 A8 78 A8 79 7A B0 78 F8 B0 78 72 68 70 50 60 3A 20 20 40 48 29 78 C8 38 00 38 21 91 96 92 92 92 92 92 92 87 93 87 87 87 87 87 87 87 21 87 87 81 01 87 87 87 35 32 B2 40 40 40 40 87 42 58 79 79 48 E1 E1 E1 E1 E1 E1 E1 E1 E1 E1 E1 49 87 8E 4D 79 98 59 B9 D9 9D BB 29 9C 7E C0 3C 79 39 7A 5C 39 99 B9 B9 41 38 B9 99 B9 D9 B9 59 B9 D9 9D 99 B9 BD D9 B9 D9 B9 D9 99 3A 38 B9 B9 B9 B9 B9 B9 B9 B9 99 99 B9 B9 B9 B9 B9 B9 B9 B9 99 99 B9 B2 B9 99 B9 59 B9 D9 B9 D9 99 39 99 B9 B9 59 B9 D2 B9 D9 B9 D9 B9 D9 B9 D9 B9 D1 28 99 87 9A 99 39 B9 99 79 F9 A0 F9 A0 F9 A0 F9 A0 F9 A0 F9 A0 F9 A0 F9 A0 F9 A0 F9 A0 F9 A0 F9 A0 F9 A0 F9 A0 F9 A0 F9 A0 F9 A0 F9 A0 F9

Replace:

8C 06 00 1A 6C 80 1A 6A 00 00 00 00 85 37 00 00 40 49 D8 11 B4 48 08 08 20 AB 5F C9 96 E6 7F 95 56 DA AA AA AD 7E DF D7 7B 34 BF EF ED FF DC 30 AA 32 39 1D 9F AD D4 FE BB FE 4F EF 7F 7B B7 D2 BD AA D5 55 57 55 55 46 D5 55 51 A8 88 09 00 2A 03 A3 87 05 9B 47 C0 3C F7 82 E3 37 8A 21 E9 0D B7 F2 2F FB 1D 96 7D 77 4F BB 3C B6 5D 18 87 46 2A 07 EF CC 48 2F CE 88 FB B0 50 BD 3D 75 BF 55 66 55 5A 27 A7 ED 59 76 73 72 6E AA E9 FE 75 37 BC DB DF 35 0C 07 A7 25 DB 23 67 E3 6B 2E F9 D5 08 E7 DD 6B 0D 30 04 A9 A7 AD 8F 2D C5 FD CE C7 D7 AF 4D 79 E0 00 07 FD 8A 92 04 F8 8C 2A E7 D9 D2 F0 26 7B D9 03 3D D3 ED 5D B2 71 C6 20 FE E6 E4 A8 A1 A2 DB 53 C7 8A BD 5D C3 7E EE 0E 37 56 EF 5D 53 6D EE DD 36 8F 1F 55 B0 71 D6 C3 71 B7 82 66 DF C3 1B 50 87 74 81 DC 29 26 20 EF 62 B4 AB 95 6C 64 5F 7C 8A AB 73 ED 93 D3 12 E7 3B B1 FF 35 7B 4D FF 53 5C 9D FA 1B BA 1F 35 7D DB 7C C3 BC B1 8B 96 6E DB 11 7E 74 7A 53 22 D9 36 C1 8B 88 78 29 B9 30 DD 5A BA E7 10 3B E5 D7 B3 C7 F9 53 98 DA CB 9F C1 4A 15 EF 50 9B 1A C5 4D FA EC BE 7E 55 FC A1 5C 98 2A F5 33 64 5A 67 8E EE 4A BE 97 56 D7 3B 6E AC 4B EA 63 CD 2F 8F 23 F1 6F C7 A5 9A 85 95 A8 D3 22 82 FC 77 97 1F D4 CC 3A 15 98 D3 1E B3 44 9C 8B 37 7C 95 6F F8 9B BD 94 2B 8F 1D 47 25 8C F1 8B 5A 55 76 38 7B 65 76 B6 5D B3 B9 A2 F1 4A E1 C9 59 96 7A FB 07 CB FF 6C AA 74 F2 DC F6 26 7D 65 04 35 50 16 FC 99 87 CB 7F 94 FA B4 1F CE BF 72 4F 74 4A 63 3B 8B 09 B6 B9 FA 5B 24 35 18 1B D6 3A B5 F4 80 D5 E6 C3 47 9F F4 D4 74 95 94 EE 7D 24 4D D4 ED 0C 6F B8 6C E0 4D F1 8E 28 1E 57 11 C1 5D B5 C6 73 D4 D9 CD 09 FD 47 4C 1E E2 29 B1 F9 5D 94 18 BF 60 97 7E EE F4 AA F2 62 C5 DE BA D7 BF 44 AA 92 CA 82 15 FC 17 DF D6 DD 18 5F 24 7D F8 22 3F F2 67 C4 52 2F BB BE CC CC 53 CA 51 53 77 3D F7 2B B5 4E 5B 61 77 BD E9 D9 88 B7 1F F0 D0 A7 89 B3 89 6B B3 DD 26 BB DC 8F 98 6D 53 A8 5E CC DB 71 AE EB 9E 53 4D 4B 73 6A FE A1 12 AD 67 E5 1E BB C9 D7 02 CA 26 06 FA 1F 19 B2 75 6A 5C 6A 72 A3 B5 DB EB C5 CE 6F CE 8A 2A 7F 8F E8 EC 5C E1 F9 ED FC 33 8B F8 A4 CC 71 91 91 DD 42 FB DA 9C 0F 59 7F 54 2D B9 BB A3 27 BF 64 F5 F4 FB A9 A1 8B 86 2A 93 B6 BD 58 C2 E7 07 0D 5A A2 BF BB EA 4D 3D 9C DF 7D 9A BD C6 6F D7 A6 55 AD 77 64 CA 68 DE 9D 1F 5F 2F 5A DE DB 84 8C BF DF 7B 1B 2C D9 9B 77 72 6E A6 D3 D7 57 1F F2 03 8A 26 DB 96 27 04 ED 9E F9 F2 E0 98 FE 1D D1 0B 42 0B CC 2E 68 EE EE 19 1F BE B5 FC C5 66 85 C3 E5 97 D5 73 97 14 FC BF F2 F4 65 FF 75 2F DF 67 7A 3C 24 13 36 ED BA 5E F3 42 1E 73 BA B8 31 44 9C D4 71 61 EE BC 08 CB 05 C9 C4 D9 7D 17 27 68 8F C4 55 E3 A7 2A 23 97 9E 11 8D 29 AF 0F 3D 7E 36 36 E3 F8 99 D7 FE C2 6D AA 3D DF D3 86 2E A6 DE 94 56 9D A4 EC FA 5B C2 3C F0 CA BC E3 89 67 56 72 42 CB 17 26 CC 71 6A 1E 32 E2 FA BB C9 6B 0F 01 C5 29 E2 94 78 48 7A 7D 32 26 6B 66 F7 72 99 F3 D2 B2 A8 A4 99 5E 57 CA 47 D7 27 3B B9 2B 6D 4F 3F 9E B0 3E AE 66 F9 CC 7F BB 35 69 93 FE 3E B9 38 CD 79 DC 6C EE 3F ED 15 5B A5 A3 5F 38 1F 5D 2D DE F6 5F CE 8C 9B 0A C1 9A 86 AA 1F 87 65 69 4F CD 05 67 15 3F 66 67 9D 88 43 C9 E7 D5 B9 1F FE B3 AC A2 38 59 51 FE EE 43 49 7E 7D 7A D9 CC 64 97 B0 A2 9D 33 16 DE F2 28 3B D1 AD 75 3F A3 D5 9F 0F BF 7E 6E 8B EF 01 36 26 57 FE 25 7A BE 75 E1 7F 7D 61 79 53 CD 5E AC 8B EA 3D 96 D0 9E B6 BB 65 E0 7F 5B CD 35 16 FF AB F7 5F 38 6B DB A5 F5 CB F3 FE 58 EE 51 BB AF 28 70 ED 9D 9E B5 CF AB 6F FD FF AC DF CF AA 8A A7 1F 6E 0D EC 88 50 5D 5C D8 D5 9E BE 36 67 F2 07 43 71 21 E1 FD 32 3B 9B A9 A9 FF C8 A9 78 BC AB 6C F9 A2 09 37 E2 4A 46 DA C8 55 9D 61 1D 33 EE BC BB 72 A8 6B 7F 4C 52 E2 F7 82 A5 38 E1 6B 69 3F 26 48 FE 36 D9 F3 7B C3 DA F3 2B 2E 5F B7 F0 58 E2 D0 B5 DC 4D EB E3 FC BA 68 F3 A0 7F C2 90 D1 93 72 75 9B 67 2C 71 2B DA DF 72 AB F3 64 D2 13 CC C2 7E C3 90 EA AB A2 F4 F5 EE 93 0E 64 89 53 4D 57 8C 9F 6C 7F 81 58 77 C2 7A 4F E2 E9 7B 2E 57 8E 3D 89 5A 95 E0 7F EE 41 C5 E7 94 23 51 CD A7 0E 35 9A A7 38 CD 2A A8 D9 E9 B8 3E 74 7B 5B D7 DE 60 D7 DA 90 D5 81 9E 75 CE 99 6B F8 CB 3E 9F 5D 46 1F 99 1C 4A CE 1B 55 13 99 3E A7 63 E3 C7 E9 1F 8F 8A 27 FE E1 B1 8A FF 3D E9 9F A8 1D 5F BD A7 47 1F CB DF 3C FA 18 16 57 2C 6D 09 7F 58 C7 5C 0A DB 9B 8E 22 FF 14 6E 1C 39 F1 CC 80 B7 69 49 CE 0C 08 09 0F 3D F2 35 38 58 A1 B1 6E 6E 38 EB 5E 97 94 75 70 B7 A5 A7 EB AA 11 5D A9 11 FA 78 8B 96 8E A4 09 75 1F 96 14 7B 75 0D 5B FE 7A F8 91 D2 EA 11 31 E6 2F 5D 1A DA B3 1F 9E BC 9A 6B ED 28 18 88 D7 2D FE 97 F3 20 A8 E5 80 6A C8 48 97 D6 3C DE BC F1 49 F1 BA F7 BB 9D DA A3 39 E6 D9 E2 A4 92 57 A5 35 8E 9D 3D 53 6E C8 77 C5 7C 61 73 B7 8E 7B 31 74 D1 8A 61 8B 7C 35 D3 13 4A D3 04 3B A9 47 79 51 EE 61 BC B0 7F 86 3F 73 F8 C6 76 88 DB 73 EE FC 27 56 9F E5 B9 6E 30 8E F7 7D BF 61 5B B0 D5 FB 9C D5 F5 19 D3 DE D5 95 4E B9 F1 2E 65 B4 93 07 95 B5 FA 26 FA 19 AB BC C9 CB 3F B3 E9 9F C6 5D 9E 33 D3 12 82 1F 2C A8 F1 7C A4 92 56 58 DF 2E FD 12 33 FD DD A5 3A 2B 9B 98 F4 94 B9 F7 AC 0B 79 3A EB 7F 42 B6 16 AD DC D8 27 FC 88 3B 5D 78 AC 2F 5C FC A5 70 6F C8 E9 45 E1 41 05 D7 BB 8E 2B C4 8D 0D C1 6B 8E EF B3 54 25 DC F8 AD 2A EF 1F E3 AD 91 7E 37 A6 78 DD FE DB 2F A3 F9 E9 9B 52 8F F4 E4 A2 DF AB 1C 5A D8 F3 E7 B7 16 66 11 1B A2 3E 3D 17 8B BC 72 B6 E6 08 2A 4D D9 43 B1 B1 C7 DE 52 0D 4F 26 89 BC 6D FC 12 F6 6E 6F ED 2D 5F 90 1E 6F E9 AE AC F5 02 06 CD 7F 0F BB 03 E6 58 7F 4D 51 E7 73 5F 17 FE B4 79 3F 7C 9A 1F EC C6 AB 54 73 85 CC F1 F0 B0 56 5D 74 30 BB 3F 6C C4 E7 66 5F 99 BB D4 F4 3E 75 BB 28 5B 77 9C 7A 44 56 33 73 05 ED DB BD 6A E2 E0 0F 23 DF 98 82 D7 65 6A 3C 7E 93 B6 DB E7 F7 9F DC 4B 7D DD 97 3B 03 5D 9C AF 7A EB 49 4E D8 0F 9F 51 D6 E0 B1 CB AE 0A 97 52 AA FD BA B5 59 C1 80 3D 57 57 57 A1 F6 55 0C 9B E8 65 D6 A0 EA 31 4D 2E CF BB 8E DF 19 61 98 48 47 F6 E6 6F 60 5D 6C 5A 2A FC BD B3 0D B8 50 00 B9 DA EC B2 3C C6 1E E5 F3 0B 6D 21 B5 28 D9 A8 B2 7E AE 42 28 4F 73 2F 89 88 E1 0C F1 F9 F6 FB BD FE 13 6B 39 AC D9 04 D8 7C 33 DD CF 51 68 5A 9D 7F FA E7 2B 67 0E 2F BE 25 7F A2 A2 FA DB 26 E9 CA 58 78 35 C5 69 FD D7 8A 4B A3 85 46 F8 62 D5 F0 5C 1B 2B ED B1 AF 2F 5B 4E 59 7E 9B BB 19 C8 FF 1B E4 71 5D CD 5E 9A 0A 33 F7 D9 DD BB E2 F8 6D C0 4B 24 C4 2E BF E9 C1 58 C8 5C C6 C9 86 5B 97 3E 25 85 83 92 71 73 BC B6 F6 C5 3D 05 E5 1A 74 65 8C 58 A8 88 ED 67 4F 5F 90 D8 57 7F EC 30 1B 7E AA B8 69 EE 76 52 C6 74 15 C9 B3 F1 EE B1 16 D5 DE FA 77 BE E4 55 3D A7 DA 4F 53 9A CC E1 C1 66 48 DC D3 CC FA B2 17 DF 8B F1 6C AF CA 3A BD D7 97 51 99 CC E0 4D 43 93 67 34 AD 7F 2D FA 18 D9 8C 2B E1 EF 1C 7D DE 13 59 88 B3 12 C9 3F 8F F5 0E 29 B9 91 01 05 FD 82 F8 A4 F3 F8 16 0C 54 55 5A E4 A3 6F E9 7D 2E CF CF B9 DF B3 AB 59 8F F2 A6 D6 EF D6 8E 5D 8C CD A7 36 AE EB 12 16 09 F9 B5 9E D0 E7 3A F7 E3 98 EF E4 EB B8 4F D7 14 2E C1 8B 4E FF 93 BE 82 F1 6A 78 3A 1E FE 9D 9B 32 6D 73 66 AD F6 56 1A FB 0E DD 95 26 6A 6F AE A6 7B 0F B4 3B B5 B7 F9 6A DA FA C8 F1 5D 1C F8 46 B6 2F A7 B1 5D 92 CC A0 96 FC ED B4 3E 81 F0 16 5E 28 8E 06 C6 1B 49 75 A3 E1 28 F7 87 F4 E2 E7 67 7C 3C EF DA E4 D8 B6 9B 52 56 1B B7 89 05 29 7E 76 11 59 E3 E9 73 7B F3 DE 5B 28 FF 38 25 47 4F A2 23 BE 51 BE D4 7E B8 95 DC 8E EF 36 03 23 4F 86 49 15 E3 EA D4 78 F5 31 FE 74 CD 04 95 7F E9 31 94 73 71 BD 11 61 95 83 AB DE 0F 5E D0 ED 67 2F 2D 73 98 EC B6 1F 12 8F 53 53 E0 A8 C8 EE 6E F1 9A 18 77 CD F7 6D EE F7 EC 67 E7 E8 8E D9 74 8C BD DF 43 AD 6C 9B 78 3C B5 EF 68 51 C7 5A EF DC 5A AB C9 2B 8C 68 E8 CE F9 5F A3 1B BB DB C7 6A 6B EE 26 CA 77 5F 5B 6C 7F 37 E2 11 39 FB C9 9F FE F2 FB DC 9F 94 BF 3D B6 88 28 EB 35 77 33 2D 54 A8 36 5B 56 38 5C C6 2B B3 2A 57 61 71 E5 31 B9 F5 E4 BD 1D 19 F7 64 BB C9 35 E0 39 CE D8 FA CD AC C2 F5 3F 0C 97 5B 9E BA 27 CD 46 73 02 48 E4 97 1D 5F E7 96 D9 8B 8C 5B 45 76 FD 1A D9 37 E9 7A FE B6 EC B2 64 40 77 D9 DC 45 55 A8 2E 3F 44 03 91 FB 7D D5 3C 2A 91 C2 80 A2 02 8E 9E D6 FD 3D BD EC 23 C5 B7 96 CE B2 27 79 6F 46 4E B5 4D BC EA B3 7E 71 F4 BC 25 DF CC 2B B6 A4 BA FB 88 26 5C FC A3 7F EE F9 B4 CD 37 AD AE 7D B0 CA 1C BF 7B FB BD D0 D2 83 81 A8 12 FD 9A 82 A6 A3 3A 34 88 23 A4 40 24 42 A8 1B 21 47 24 46 5C 40 44 33 6A 40 6D 04 D2 22 25 1A 44 1A 9A A3 47 7C 05 CE B3 E2 73 28 24 64 81 65 91 40 CB 22 A5 6A B0 A3 03 A9 58 13 11 DD 81 58 56 C9 41 3E D3 27 CC 48 94 6E 9A 35 A1 D7 CB 45 C4 13 69 05 1C 14 54 C4 63 14 AD 04 DE 89 90 49 FF C0 57 0D 43 B8 F9 42 C8 0F 33 EE 90 9E CE 52 81 9A 75 57 19 A4 03 46 8C EB AA E3 EB DE 78 F1 0C C0 20 84 B1 B2 66 D6 9C 0C A0 58 7F 45 BF BF D0 D9 C8 15 1A 31 05 FD DD 89 50 90 3A AD 01 38 7A 21 9F 78 29 F3 B5 1D 26 13 39 76 03 07 64 38 58 D0 98 D6 9C 0C 27 30 1C 29 85 72 12 47 46 85 89 3E 50 D5 48 48 30 0D 1A D4 13 54 1F 30 E6 34 A6 13 F8 18 8C 85 CD 7A 3B 5C 62 D5 34 E2 39 D6 D0 13 A8 52 AA 04 24 A2 91 40 FB 93 F6 6D 34 04 D1 01 2A A3 91 CB 43 42 C0 68 B0 21 79 46 12 01 A7 19 06 00 48 46 86 02 80 24 71 95 91 90 1A 11 03 2C 72 A6 30 02 4C 4D 01 C1 38 4C 3B 92 04 A4 C3 49 DA 17 94 00 3C 42 3F 59 86 AB 28 04 5A 84 09 40 0F 32 7B 13 05 00 6D C4 00 21 3E 01 0C 0E 3A 03 92 92 1C 73 00 18 A1 C1 31 81 D4 91 E3 E3 49 49 69 82 1A D0 E9 78 46 15 5F 8F 73 70 9C 19 68 05 A0 00 8C AC 2D 00 80 11 00 9E 93 7C 10 8B 6C 85 06 7F A1 0A 89 04 B6 ED 0A 24 E3 19 15 32 3E 53 41 09 7E F2 69 57 19 0A 26 1D 5B 9B F5 26 5D 83 3D 18 EB 4B EB 80 E0 B3 20 A4 6F 03 00 E3 46 EA F5 38 EB 5B EB EB DA CA F1 93 C4 F7 48 23 DD 0F DC CE EF D9 E2 74 FC F8 B9 BF DF 7F 39 51 EE E8 16 B6 C7 65 B0 66 E1 A2 8E 81 96 87 C0 42 77 CD F7 39 04 E8 D4 CF B9 77 02 FE 9A FF BB 47 FA CE F2 0D 5A F3 FE C2 A9 42 60 F4 14 23 00 09 B0 38 83 73 D0 04 F7 67 6E 3F FA 08 31 62 97 B2 20 02 00 12 00 CC 6C B6 D6 39 07 3B 60 3C D6 B8 08 30 C9 10 5A 80 B1 CC D0 A0 1E 53 60 9C 85 DD 06 0E 2B 12 33 38 0D 66 2C B0 6C D4 33 7F 12 70 21 83 B1 5F 14 FF 01 CD 18 5D 07 B8 A1 B7 D9 79 D7 01 00 00 A1 BF BA 0C EC F1 ED D5 CB 68 8A 50 9B 81 9C A7 6D 90 E1 9C 14 50 63 71 E6 5C E0 E8 51 08 8D 10 02 AB EF DA 94 0E B9 E1 46 A5 B9 16 5E 67 F3 22 77 D8 DD 0D B9 34 91 E3 7C B4 B6 2B A0 E1 C7 D8 2D AE A9 03 0E 2B 26 5D B5 4A 5A 6B EB EF 65 F5 F3 FF F3 7D BA 3D 63 13 FB 22 D3 1D 51 23 8A 55 23 12 B5 22 8C 54 21 3D 6A C7 31 D4 A6 47 C3 91 35 42 20 43 7D A8 13 B5 63 08 33 72 11 8B 06 45 40 03 D2 92 C8 02 31 34 8E 38 04 E2 23 8A 00 92 40 5A 64 A9 26 C4 CA 1E D4 CB B2 EC 80 86 5A 66 9B 98 B0 6D E6 AA 51 4B ED CD 7D 95 AE 60 18 64 1D BD E5 42 44 AB FB CD 84 AC 42 C9 94 1A 11 3F 98 1D 90 0D 7A 4A 4C 4D 50 27 D7 95 FE C5 BA 19 04 22 BD B5 5E 50 CF 8A A3 38 CD 4C 1F 5F A2 A0 BE 34 AB F8 26 C1 FA 72 96 A8 F6 6A 9B E8 F6 8D 96 32 5E 22 2B AE 0D 97 D2 98 E1 1A 49 2B 97 8F 79 AA 3B ED CD 85 48 A6 A1 3B 8D 28 DC C0 5A 29 2D A1 EF 8B 09 AD E5 93 2C 8B 91 52 31 A9 D5 F4 37 EB 2D 7D 4D 2D 1C BF 48 F4 24 45 32 3C 96 D5 11 53 78 94 63 7F E3 78 D1 64 0B 79 00 F6 4C D0 4E 08 8C D6 84 91 1B A8 F1 EB F8 E4 4B BB 15 6B 45 A1 08 C7 84 14 86 FA F5 46 D6 17 FD E0 60 12 3D 70 B5 26 20 16 CA 70 5A 0C 3A 9C 46 CE 06 0C F4 2A 02 11 0D 3C 8D 4A 8D 0C 22 06 63 00 39 03 43 EB 31 C6 D6 C0 E1 75 63 03 2E 20 00 19 46 E3 18 CE D5 EB 70 47 33 0D 07 A7 ED 31 1D 10 B8 99 84 E4 12 F4 A0 0E 74 8C 91 52 D0 C3 71 B0 02 9A D4 D0 14 67 18 01 38 65 45 91 5C 21 83 9B 32 32 A0 25 2C CE BA 02 68 00 84 08 00 00 00 00 58 53 10 05 9B 8D 50 63 4A 25 38 69 C5 22 91 01 47 20 20 FA 39 54 0F DD EC D0 E7 4B 11 03 4D 04 FC 7A C5 07 13 83 A9 89 9B CC D7 BF 05 28 78 C1 BD 83 7A 00 C0 D2 A0 6F 76 EA EB B7 A1 29 66 D8 0B B3 13 E9 97 77 17 ED BC 34 8F DF DF 21 BB 78 E1 67 C7 64 DE 40 3D 9E 57 FC 48 1E BB F9 D0 90 91 7F D9 11 80 DD BB 74 9E 05 06 B8 AD 84 71 92 C6 79 E3 96 65 F3 7D 3C DF 6C BF DE 14 DF 04 04 17 D3 C3 6C 10 0E 00 80 1A 1C E7 BF E4 B5 76 4B 18 8E 2A 68 C9 A2 E6 FB 00 2C 00 C0 6B F6 44 06 8E 61 3A 8C 71 81 62 EB 7A 90 93 7A 3D A5 0B EE 17 90 3E AD E6 3A B0 07 A3 35 AB 24 B5 2C C3 54 B3 11 4D 00 BD B8 51 5F A7 AD FB CE 8F 62 B9 55 6E 8B 8B 1E B2 21 81 1E 00 00 83 13 CD 0D A0 60 F5 B4 48 C9 6E 5E 60 51 A6 C2 28 66 90 E5 F0 38 1D 00 F7 41 81 BD 0E 77 9E 42 20 04 04 21 16 32 EC 7A 19 E3 30 23 77 83 80 5A 3B 2C 0D EA C6 34 0C 5A 7A 39 85 9A 53 46 E0 99 46 67 AB 40 00 18 A1 23 60 17 CC 15 C7 4F 67 5A F0 F2 F2 B6 19 68 C1 03 10 C0 0D 76 6A 25 AA C6 18 0D 5C 8D 0D C7 75 3E BC B6 21 D0 C5 5A C0 FB 1A B1 DB 75 13 21 2C 05 7D 8D 3E 0E 00 68 8F 16 D9 67 A0 06 18 00 00 81 11 95 C0 32 B1 BF B6 93 87 4C E5 80 04 60 18 62 33 04 CC 58 6A E2 8D AD ED 59 2F 4D D5 FB 97 2D 5D 35 E7 E1 9D B5 22 98 84 81 A8 C4 96 BC 40 E1 D6 6A EF 4E 59 B8 7B F3 9B BA F6 5E 30 E7 F5 59 6E 7F 23 49 25 6E 0F 1F 9B E6 F0 77 5E 17 7A 8C CA CC 8E 4E 53 16 EE D2 FB 4E 4F 15 6C B5 C3 7E 00 01 68 2B EA BD 7C B0 F6 7F A2 1B 63 B5 07 49 A5 88 85 5D 2E 8F 8A F6 CD B9 C3 04 86 14 62 BA 30 96 37 70 70 38 E0 A3 05 41 02 06 31 05 32 2C EF F1 C0 00 28 A0 00 3A BD F8 01 18 00 31 1C 0D E8 0D D0 91 B1 08 85 10 08 95 5A F3 D6 F0 22 91 0C 3A BD 09 6C 48 52 38 24 10 CE 4C 28 06 1C 03 B5 67 27 56 7C 63 8A 52 AF 7E 12 00 62 50 86 80 C0 5F 21 68 23 0E 99 D7 F0 86 A0 D1 9A 23 C4 22 33 1D A7 C5 BC 58 A8 86 E9 84 31 C9 01 71 E3 E9 C0 4A 81 D0 1F 2A E6 0F B9 21 F7 8E 35 31 E9 0C C2 A9 08 4C 71 0C D8 A0 D8 0C 69 06 02 84 12 C8 90 80 60 46 DE 5D 2F BE 73 76 F7 13 69 F2 4B E5 56 6B EB 1B 6C 6B 3F 53 EC 96 D8 98 E6 E7 C8 B0 72 F6 99 11 80 AC EA 91 30 A9 0F B8 C4 EA 4E 42 A1 CA B3 BB E7 0F 41 8C 42 22 6E E3 4E 13 A5 47 9E 01 29 3E 73 20 15 AC 1F 0A 26 EE DB 1A 55 65 EF B3 AF 17 B8 B1 7A 93 41 17 E7 17 FA A3 BD 48 73 D9 10 B1 4B 10 C3 5F 62 6C D8 B4 F7 A9 73 4E 24 75 9A 20 A0 00 CF BF 14 83 AE 38 26 A0 57 0E 12 FD 05 F0 52 81 EB 58 55 2D 42 5A 64 2A 44 48 5F 9C E6 A4 4B 27 A9 88 54 84 44 71 C1 25 A3 69 9E 22 CF 8F 12 6C DA B3 95 80 4F AC 72 67 38 98 9A AE 07 45 1E 0B 23 92 27 50 87 4A 0B 3E C6 31 8F 82 20 44 58 0C 18 8D 38 42 04 44 2A 2E 5A E1 0C C8 33 F7 D0 88 D1 0A 21 09 A8 F5 41 B5 88 B1 59 16 C8 05 BA 8E 52 08 8B 10 F1 84 22 75 17 A8 19 A1 7F A2 82 9D 3D D4 CF C1 B2 B4 7C CD DF DC 0E 86 98 4E 33 1C CD 37 E4 BD 75 B3 33 5D E7 A1 94 18 42 8B AA 21 DE D0 69 68 6D 76 33 EB 7E B6 FD F5 E5 6D AD F9 8D 65 4E EB D5 3E C2 43 9F 40 12 FC 03 A4 54 95 C8 62 A8 A8 AA 4F 5C 0E 8A B4 AA 2B 5F 0D 13 22 B4 BD FC D2 48 A0 E5 AD 5A 9F 25 54 C9 A4 92 92 93 99 72 4A 26 FB 59 DD 26 BA FB EE A2 EB BB AA 8B B7 B2 07 83 1B 6E 2B 96 C9 7A 2F 4A 64 BF 23 7A 95 19 69 21 A5 7E 4D 70 6F C0 CB 01 00 99 00 3B 2D 75 73 73 73 73 69 C9 3A 6B 95 B5 76 70 CB D9 8D A3 0B BB 6D 9D B5 DB 4B BF AF D8 B1 4F 2F 93 C9 48 A4 49 A4 69 B9 85 85 C6 4B 90 E6 50 51 C4 8F 82 48 1E C7 7E EF 45 93 1C 36 45 91 E7 8D C8 E8 86 F7 27 53 F1 3B 92 4B 30 8F F3 22 CE 32 53 1F 1A 1B BE 2F A4 10 91 4A C4 3C 8F 46 D9 42 B2 78 14 4E 66 A7 27 0F F6 B3 D9 2B 17 64 D4 0F 99 89 32 37 FB DA 44 DE 70 37 E4 AC C8 7E C7 ED 87 AF 68 98 66 89 2B AE BE F1 F5 7A 9F 05 D3 B0 DF EF 47 5C EE 73 D9 B2 4D AD C5 C5 C1 D2 E0 4B 97 BA D4 5A E7 DC C1 ED 0D 7F 53 DD B9 65 9D 75 DB D6 F9 25 6F C7 AE 95 FD D9 34 85 CC 9A E8 23 19 E5 EA D1 F1 4F AE 1A 99 26 9F 06 91 90 8B 1C E4 B6 2A 8C 1C D7 22 4E DE 3D 75 26 6F 9C 9F 35 5E 24 99 9D B8 A3 C6 C7 26 F1 79 3C 72 E1 72 20 C1 97 3F 7A 31 51 BA 97 4D 76 C3 68 F9 34 2A 5E 44 87 E6 93 28 75 F2 A4 6F BC ED 33 62 C5 9A 55 30 B1 CF C2 BD B0 4F 47 37 ED 25 A1 2F DE 0B EB BE CF D3 34 CA 28 FD 2C 5D DF E3 95 65 BE 7F C8 36 0D B2 9E 53 2D EC CB C7 B2 AD 42 16 7A EC B7 C0 DC 4A A4 87 EC 0C F6 39 15 09 32 A3 0A 8F 59 0D E2 4B F6 69 25 EE 7D 93 21 AE F1 D3 26 D4 FA D4 EE 1A CB C3 4F 67 22 88 4D 4B 24 45 2C B9 14 B9 15 32 77 1B E9 D8 21 C7 C7 6C D2 ED 48 52 23 69 B8 DE 8C 2A F2 C7 27 33 93 67 CE 48 A3 27 73 35 D7 62 F2 48 AC EE 47 CF 24 62 7D FE 42 9D 92 E4 71 F2 5A 12 75 4D 65 DC EE F3 43 B7 8D 4A 1B F1 DF 6E D6 55 BD 8D D6 55 9D 4D B1 ED DD DD 6B 35 DA E5 78 68 F8 BB 45 83 7D 00 6C F7 D9 E6 66 D1 D8 A2 96 A6 D5 34 55 D4 B8 54 44 CA D8 E4 36 36 22 B5 37 92 19 59 B0 DD 6E F7 8B B2 CC 8D 3C 17 39 1B CB 99 F7 C5 54 29 E5 94 52 2A 9B 4E D1 E9 74 3A 83 5A DF 99 1C 40 E3 AD 9E 2B DC 03 00 40 41 E3 BE 86 C6 8A 55 43 92 24 49 82 24 49 92 04 49 92 24 F9 EB B0 82 86 46 85 2D 6C 61 15 5B D8 C2 B7 73 90 A4 C5 13 00 00 00 00 00 00 3C 13 B3 20 B8 9A 5F 95 E1 37 FC 7B C0 36 25 96 C2 56 95 58 13 2A F9 C1 C8 44 24 71 41 5E 3F 6B A4 32 F6 1F 73 1E 7E 3E 7B DD ED 96 65 99 EC 3A B9 3C CE 45 FE 9F E5 D3 2A 52 4A 6D 28 A5 D6 3F 9C 3E 2C 3A 9D 0E 9E 01 8D 07 34 CC 10 73 05 40 01 EA 43 68 35 5C 85 86 52 20 49 92 24 49 92 24 C9 E1 77 24 49 92 B4 9B D0 D0 D0 78 00 8D 55 6C 41 A3 B2 D7 2F 48 12 00 00 00 00 00 00 00 3E 38 32 9F 2E 26 95 50 E6 00 01 05 C9 95 95 C0 66 2B 87 59 7D BD EB 5B D7 AF 5E B5 BD 7A F5 AD AD EB D7 AD 6F F8 B9 39 24 1F ED CE AC 68 68 2A 34 34 34 34 34 1B F0 24 92 49 26 80 DE 49 24 92 1F 24 92 49 05 E0 EA 0E 86 86 B4 36 E0 00 A0 01 F4 3E F6 67 F4 39 AB 9A 5D DF 9B 8E 9D 3A 74 1B 4F AE A5 29 4A 52 94 4F 1F 0B 2F 3C A5 2E A5 A9 DB A5 96 5E 7E ED D4 78 84 ED 9C CB 51 D4 89 C5 8A FE 8E 32 97 5E 79 31 38 85 9B 89 B6 7B DC 46 8A 0B 6C DB 76 6D 40 0A 9C 02 18 48 B8 08 8A A3 FE 48 7E 0E C3 FD E4 A4 47 BC F0 BA 59 F6 94 D5 35 72 A4 9B 75 ED 20 50 80 EF 00 00 4F 00 34 80 03 6A 42 E0 E0 90 53 05 50 CE B9 88 29 A9 3C 65 F9 BA 82 9C D4 4C 2A 2F 08 CA 31 DA 72 A2 6A D5 E0 18 98 B8 4E 80 97 2E AF D2 1A BA 2A 18 D7 F7 BA 93 CD 79 8A 5F FB 83 14 3C 69 CD 6F 33 B1 7C 4C 3E 8F B5 5A B9 19 15 68 09 9A D8 28 DC 19 E0 06 28 45 A0 01 55 11 4C 3E 0F 5E 9A 60 B8 32 84 46 B5 66 CF 12 1B 5A 7C 68 19 CB 62 9C B1 8A CE 1B 93 D7 E0 EA 16 B8 D5 8B CE A4 ED 7A D3 28 B1 A8 16 DC 48 98 A3 A6 A5 6E 7B 72 23 63 2D BA ED C2 BD CD 0D E5 B4 D0 78 72 91 49 EB 1D B7 82 98 A3 AA AE D2 A0 4F 55 14 24 F9 93 63 34 61 5F 96 F2 47 0F 82 BA 00 C5 74 5C 33 13 C0 9B AC BD 5D DA 4D 50 CB 05 31 AB 91 D3 35 DD 53 44 0A 8F 82 D0 D0 9D 8E 5A 11 0A 3C A5 CF 35 6E 73 42 86 45 38 68 0A 3A 28 A0 9B 0E 0A 50 CE 56 00 BE 80 A5 F2 AC F8 28 F5 25 87 04 AD 59 4A 1F 80 7E 19 77 7C EF AA 37 AA 68 F7 CD CA 54 4D 2F EC EE 5A F9 1D 44 5A 95 96 3F 2A 5B F2 81 55 0C DC 96 4F 1F 7F 5E A6 A7 62 2C 8D B4 4A 1C D7 AB D7 23 BA DF 70 68 75 02 00 80 B3 AE 08 65 50 AE 6C 61 A7 C2 89 FC 04 2F B1 BC 8F 89 BC 98 3F D4 9C 97 AC 2F 8B 7E 20 5D 2F ED 37 34 B6 C7 D4 47 05 AB 43 48 4A 76 4B F9 26 C2 C7 6D B6 5C F0 4F 2B 76 3E B4 4E EB B7 56 C8 7F 9C A3 C1 DA B0 0B 7B 74 1A DB EB C3 DB FF FD 3B DD AE ED 6D 47 12 25 88 E7 CA C1 B5 E3 D9 74 B7 79 DD C0 A6 01 00 82 37 EE 38 D5 1B 8E 41 CC 86 57 2C C9 DE 0A 5F E7 DD 63 FF 3E 37 73 DA B4 FE F8 A4 60 CA 6D B0 66 B7 9F 9C CA E6 DF D1 8D D7 26 39 B4 F7 79 E1 F9 17 42 E0 32 65 D8 9D CD F4 40 AD 64 3D 94 6C EE 4D 9D E1 51 69 8A C7 A6 DA 74 2E 5F 10 64 F0 2A 46 F6 19 07 3E C8 40 08 1C 01 28 48 42 00 80 80 89 CC 84 92 25 9D 90 92 7B F1 E3 CA 20 27 47 A4 FA 53 68 B5 15 E8 10 92 94 00 00 2F 00 79 3B 8C 2E 51 24 3D B2 D4 9B 93 FA D3 FA 33 ED 3E 7C 69 D7 96 EE 1C 7C B1 BC F3 D9 75 CB 66 9A 55 26 92 D1 27 17 61 8F E6 20 48 24 A3 14 01 85 36 10 92 54 3F E6 EC 87 73 BB 9D 88 5F 7A CA BD 5E D7 D3 FD E6 CB BA F6 F2 CB C5 F7 FA BC 7D 17 6E 05 23 ED 26 D4 67 AB 1B 08 15 F6 A4 A8 06 0E 62 02 10 97 66 2C 32 A6 D5 B9 B5 28 43 A0 E7 A6 A5 BA F9 7B 75 4F 0F B3 EE 65 2E 4B C7 CD 57 D5 CE CF BB F3 D3 74 0F F7 ED F6 9D BB EF 2A 00 29 50 79 27 00 46 49 33 D2 A2 65 EA EA DD 53 DB A5 10 98 49 5F FA 74 AA B3 B7 E4 D2 1E 77 36 00 00 00 00 00 00 00 03 A0 AC FF 5F 05 49 04 99 60 59 E8 BD F7 A3 F7 48 DA 25 53 79 1A 53 69 3E 59 D2 C8 BF BF D0 00 00 00 00 00 00 00 18 00 64 14 01 0D E9 D3 AC 00 18 C0 00 00 00 00 00 00 31 CD 8E 99 D3 9E 48 79 D4 7E D3 F9 ED 89 B0 1A FA BB D2 59 6B 17 24 53 7B 00 20 10 30 23 00 00 02 00 27 59 68 90 19 D6 8C 44 0A 0A E4 DC E9 30 68 2A 85 29 67 33 33 2C A4 1A 66 05 87 A5 90 D8 3B A8 6A 36 4E 01 29 78 68 98 04 B4 00 22 05 80 F0 61 D0 21 A0 67 86 65 07 35 72 A6 E3 03 1A 85 86 5A 37 51 74 21 B3 5E 00 63 2B 10 33 E3 3A 4C 86 1A 00 42 84 45 8A A5 8C CC 63 07 C0 28 40 17 17 4E 88 D2 F1 44 DD 26 21 D3 82 22 22 C0 8A 11 04 31 2C 42 22 41 A2 81 1F 8E 15 A2 98 F8 71 10 8C 2D 98 44 46 F5 85 15 00 0B E8 3E 00 15 02 00 E6 E4 81 63 36 20 73 07 2A 96 0B 84 BE C1 04 B2 42 93 08 70 CE 13 A3 15 74 78 88 8A D3 F0 4B 38 B8 0B 32 02 61 4A 52 80 2F A2 35 EB 2B 61 FD 60 40 57 00 10 00 2A C8 46 20 2E CB 71 A1 E3 DD DD 82 45 C0 10 40 80 02 55 C9 95 C4 23 BD 88 20 07 09 E2 40 94 40 32 20 8C 83 5D 18 B0 50 FF B4 E0 59 5B 06 0A 5C 1A B4 4E 1B 28 16 38 20 22 02 72 00 C5 37 E2 BC 4F 31 49 06 FE 6F 00 C9 11 E6 21 71 4A 19 02 6C 50 3B 50 7B C4 4E B8 1F 8B D8 08 79 3C FF 1B 3C A4 F3 A3 E5 83 13 16 1C FB 2E EA 08 7C 39 CF B7 27 0E 6A 43 F1 07 C1 C2 82 87 F2 21 A2 89 F8 E4 9D 30 85 2F 27 C1 CC B9 8B 01 41 00 A0 00 14 58 A4 CF 00 80 35 97 FE 40 33 2C 22 06 45 D3 77 95 48 2A B3 54 0F BC 16 21 9C 06 67 7A 07 DA BD 3C 83 E0 63 26 E6 1F 59 DC 0A 56 00 18 BD 39 B8 25 22 A4 1B 42 26 EE DD 67 80 1E 91 65 A0 65 80 BC 24 98 E0 2E 1C 10 22 4C 61 09 24 53 B8 00 1C 0A 34 65 40 20 AA 0A 20 22 06 62