All Defaults to Commando 
Icon: https://fortnite-api.com/images/cosmetics/br/CID_016_Athena_Commando_F/icon.png
This swap was created by Wslt!
Socials:
https://github.com/CodeWslt
https://galaxyswapperv2.com/Discord
Do not reupload this without permission from Wslt. You can contact me at any of my socials!

----------------------------------------

Search (pakchunk20-WindowsClient.ucas):

00 00 00 00 34 03 00 00 08 00 00 00 00 00 00 00 00 22 00 80 57 05 00 00 48 02 00 00 48 02 00 00 70 02 00 00 00 03 00 00 20 03 00 00 09 00 00 00 AA 01 00 00 00 00 64 C1 00 00 00 00 DA 19 08 98 2C 90 E2 24 EC 8C 8B 40 0B 00 A6 3E 5C 84 C5 29 DF 2A 13 2A 9F DB 75 B7 55 11 11 B0 3E 19 84 84 56 98 AE EF 49 77 72 88 86 14 98 7C 39 2A 35 BA ED A8 A8 7A 16 2A 65 C7 83 C6 1F A4 21 3F C6 3A CB 31 D9 A4 00 44 00 4B 00 64 00 0B 00 26 00 19 00 1B 00 18 00 3A 2F 47 61 6D 65 2F 43 68 61 72 61 63 74 65 72 73 2F 50 6C 61 79 65 72 2F 46 65 6D 61 6C 65 2F 4D 65 64 69 75 6D 2F 42 61 73 65 2F 53 4B 5F 4D 5F 46 65 6D 61 6C 65 5F 42 61 73 65 5F 53 6B 65 6C 65 74 6F 6E 2F 47 61 6D 65 2F 43 68 61 72 61 63 74 65 72 73 2F 50 6C 61 79 65 72 2F 46 65 6D 61 6C 65 2F 4D 65 64 69 75 6D 2F 42 6F 64 69 65 73 2F 46 5F 4D 45 44 5F 50 72 69 6D 65 2F 4D 65 73 68 65 73 2F 46 5F 4D 45 44 5F 50 72 69 6D 65 2F 47 61 6D 65 2F 43 68 61 72 61 63 74 65 72 73 2F 50 6C 61 79 65 72 2F 46 65 6D 61 6C 65 2F 4D 65 64 69 75 6D 2F 42 6F 64 69 65 73 2F 46 5F 4D 45 44 5F 50 72 69 6D 65 2F 4D 65 73 68 65 73 2F 46 5F 4D 45 44 5F 50 72 69 6D 65 5F 53 6B 65 6C 65 74 6F 6E 5F 41 6E 69 6D 42 6C 75 65 70 72 69 6E 74 5F 41 46 5F 4D 45 44 5F 50 72 69 6D 65 46 5F 4D 45 44 5F 50 72 69 6D 65 5F 53 6B 65 6C 65 74 6F 6E 5F 41 6E 69 6D 42 6C 75 65 70 72 69 6E 74 5F 41 5F 43 53 4B 5F 4D 5F 46 65 6D 61 6C 65 5F 42 61 73 65 5F 53 6B 65 6C 65 74 6F 6E 43 75 73 74 6F 6D 43 68 61 72 61 63 74 65 72 42 6F 64 79 50 61 72 74 44 61 74 61 43 50 5F 41 74 68 65 6E 61 5F 42 6F 64 79 5F 46 5F 50 72 69 6D 65 5F 41 2F 47 61 6D 65 2F 41 74 68 65 6E 61 2F 48 65 72 6F 65 73 2F 4D 65 73 68 65 73 2F 42 6F 64 69 65 73 2F 43 50 5F 41 74 68 65 6E 61 5F 42 6F 64 79 5F 46 5F 50 72 69 6D 65 5F 41 00 00 00 00 00 00 00 00 54 7B 85 0C 2D 3A EC 7B 7E A2 42 63 10 83 7A 73 E9 71 0B B6 57 37 B4 79 18 69 40 56 99 65 CF 69 E3 22 58 A5 6D 55 F8 70 57 05 00 00 00 00 00 00 1A 00 00 00 00 00 00 00 06 00 00 00 01 00 00 00 01 00 00 00 00 00 00 00 54 7B 85 0C 2D 3A EC 7B FF FF FF FF FF FF FF FF E9 71 0B B6 57 37 B4 79 00 00 00 00 00 00 00 00 00 00 00 00 00 00 00 00 71 05 00 00 00 00 00 00 40 00 00 00 00 00 00 00 07 00 00 00 00 00 00 00 FF FF FF FF FF FF FF FF 7E A2 42 63 10 83 7A 73 FF FF FF FF FF FF FF FF 18 69 40 56 99 65 CF 69 51 C0 8F BB 72 E2 36 C0 0B 00 00 00 00 00 00 00 01 00 00 00 00 00 00 00 00 00 00 00 00 00 00 00 01 00 00 00 01 00 00 00 00 00 00 00 01 00 00 00 00 00 00 00 00 00 00 00 00 00 00 00 04 00 00 00 00 00 00 00 00 06 09 02 05 04 81 03 01 02 02 01 01 00 00 00 01 00 00 00 00 00 00 00 03 00 00 00 00 00 00 00 00 00 00 00 01 00 00 00 00 00 00 00 00 00 00 00 05 00 00 00 00 00 00 00 00 00 00 00 00 00 00 00 00 03 02 00 00 00 00 00 00 00 04 00 00 00 00 00 00 00 00 00 00 00 00 00 00 00 00 00

Replace:

00 00 00 00 AF 02 00 00 08 00 00 00 00 00 00 00 00 22 00 80 D2 04 00 00 C3 01 00 00 C3 01 00 00 EB 01 00 00 7B 02 00 00 9B 02 00 00 09 00 00 00 25 01 00 00 00 00 64 C1 00 00 00 00 00 00 00 00 00 00 00 00 00 00 00 00 00 00 00 3E 5C 84 C5 29 DF 2A 13 2A 9F DB 75 B7 55 11 11 B0 3E 19 84 84 56 98 AE EF 49 77 72 88 86 14 98 7C 39 2A 35 BA ED A8 A8 7A 16 2A 65 C7 83 C6 1F A4 21 3F C6 3A CB 31 D9 A4 00 0A 00 0C 00 64 00 1F 00 26 00 04 00 1B 00 0D 00 3A 2F 47 61 6D 65 2F 57 73 6C 74 2F 47 61 6D 65 2F 67 69 74 68 75 62 2F 47 61 6D 65 2F 43 68 61 72 61 63 74 65 72 73 2F 50 6C 61 79 65 72 2F 46 65 6D 61 6C 65 2F 4D 65 64 69 75 6D 2F 42 6F 64 69 65 73 2F 46 5F 4D 45 44 5F 50 72 69 6D 65 2F 4D 65 73 68 65 73 2F 46 5F 4D 45 44 5F 50 72 69 6D 65 5F 53 6B 65 6C 65 74 6F 6E 5F 41 6E 69 6D 42 6C 75 65 70 72 69 6E 74 5F 41 63 6F 6D 2F 43 6F 64 65 57 73 6C 74 2F 46 6F 72 74 6E 69 74 65 2D 48 65 78 2D 53 77 61 70 73 46 5F 4D 45 44 5F 50 72 69 6D 65 5F 53 6B 65 6C 65 74 6F 6E 5F 41 6E 69 6D 42 6C 75 65 70 72 69 6E 74 5F 41 5F 43 57 73 6C 74 43 75 73 74 6F 6D 43 68 61 72 61 63 74 65 72 42 6F 64 79 50 61 72 74 44 61 74 61 43 72 65 61 74 65 64 42 79 57 73 6C 74 2F 47 61 6D 65 2F 41 74 68 65 6E 61 2F 48 65 72 6F 65 73 2F 4D 65 73 68 65 73 2F 42 6F 64 69 65 73 2F 43 50 5F 41 74 68 65 6E 61 5F 42 6F 64 79 5F 46 5F 50 72 69 6D 65 5F 41 00 00 00 00 00 00 00 00 54 7B 85 0C 2D 3A EC 7B 7E A2 42 63 10 83 7A 73 E9 71 0B B6 57 37 B4 79 18 69 40 56 99 65 CF 69 E3 22 58 A5 6D 55 F8 70 D2 04 00 00 00 00 00 00 1A 00 00 00 00 00 00 00 06 00 00 00 01 00 00 00 01 00 00 00 00 00 00 00 54 7B 85 0C 2D 3A EC 7B FF FF FF FF FF FF FF FF E9 71 0B B6 57 37 B4 79 00 00 00 00 00 00 00 00 00 00 00 00 00 00 00 00 EC 04 00 00 00 00 00 00 40 00 00 00 00 00 00 00 07 00 00 00 00 00 00 00 FF FF FF FF FF FF FF FF 7E A2 42 63 10 83 7A 73 FF FF FF FF FF FF FF FF 18 69 40 56 99 65 CF 69 51 C0 8F BB 72 E2 36 C0 0B 00 00 00 00 00 00 00 01 00 00 00 00 00 00 00 00 00 00 00 00 00 00 00 01 00 00 00 01 00 00 00 00 00 00 00 01 00 00 00 00 00 00 00 00 00 00 00 00 00 00 00 04 00 00 00 00 00 00 00 00 06 09 02 05 04 81 03 01 02 02 01 01 00 00 00 01 00 00 00 00 00 00 00 03 00 00 00 00 00 00 00 00 00 00 00 01 00 00 00 00 00 00 00 00 00 00 00 05 00 00 00 00 00 00 00 00 00 00 00 00 00 00 00 00 03 02 00 00 00 00 00 00 00 04 00 00 00 00 00 00 00 00 00 00 00 00 00 00 00 00 00 00 00 00 00 00 00 00 00 00 00 00 00 00 00 00 00 00 00 00 00 00 00 00 00 00 00 00 00 00 00 00 00 00 00 00 00 00 00 00 00 00 00 00 00 00 00 00 00 00 00 00 00 00 00 00 00 00 00 00 00 00 00 00 00 00 00 00 00 00 00 00 00 00 00 00 00 00 00 00 00 00 00 00 00 00 00 00 00 00 00 00 00 00 00 00 00 00 00 00 00 00 00 00 00 00 00 00 00 00 00 00 00 00 00 00 00 00 00 00 00 00 00 00 00 00 00 00 00 00 00 00

----------------------------------------

Search (pakchunk10-WindowsClient_s1.ucas):

00 00 00 00 30 03 00 00 08 00 00 00 00 00 00 00 00 22 00 80 53 05 00 00 44 02 00 00 44 02 00 00 6C 02 00 00 FC 02 00 00 1C 03 00 00 09 00 00 00 A6 01 00 00 00 00 64 C1 00 00 00 00 DA 19 08 98 2C 90 E2 24 EC 8C 8B 40 0B 00 A6 3E 60 B4 8C 5A FC 0F 5E C7 9F DB 75 B7 55 11 11 B0 12 93 A6 64 BB 09 C4 98 49 77 72 88 86 14 98 7C 39 2A 35 BA ED A8 A8 7A B3 45 3F 60 FB 56 66 7F 3A B3 DA 1D E9 13 2E CB 00 44 00 4B 00 62 00 0B 00 24 00 19 00 1B 00 18 00 3A 2F 47 61 6D 65 2F 43 68 61 72 61 63 74 65 72 73 2F 50 6C 61 79 65 72 2F 46 65 6D 61 6C 65 2F 4D 65 64 69 75 6D 2F 42 61 73 65 2F 53 4B 5F 4D 5F 46 65 6D 61 6C 65 5F 42 61 73 65 5F 53 6B 65 6C 65 74 6F 6E 2F 47 61 6D 65 2F 43 68 61 72 61 63 74 65 72 73 2F 50 6C 61 79 65 72 2F 46 65 6D 61 6C 65 2F 4D 65 64 69 75 6D 2F 42 6F 64 69 65 73 2F 46 5F 4D 45 44 5F 50 72 69 6D 65 2F 4D 65 73 68 65 73 2F 46 5F 4D 45 44 5F 50 72 69 6D 65 2F 47 61 6D 65 2F 43 68 61 72 61 63 74 65 72 73 2F 50 6C 61 79 65 72 2F 46 65 6D 61 6C 65 2F 4D 65 64 69 75 6D 2F 42 6F 64 69 65 73 2F 46 5F 4D 45 44 5F 50 72 69 6D 65 2F 4D 65 73 68 65 73 2F 46 5F 4D 45 44 5F 50 72 69 6D 65 5F 53 6B 65 6C 65 74 6F 6E 5F 41 6E 69 6D 42 6C 75 65 70 72 69 6E 74 46 5F 4D 45 44 5F 50 72 69 6D 65 46 5F 4D 45 44 5F 50 72 69 6D 65 5F 53 6B 65 6C 65 74 6F 6E 5F 41 6E 69 6D 42 6C 75 65 70 72 69 6E 74 5F 43 53 4B 5F 4D 5F 46 65 6D 61 6C 65 5F 42 61 73 65 5F 53 6B 65 6C 65 74 6F 6E 43 75 73 74 6F 6D 43 68 61 72 61 63 74 65 72 42 6F 64 79 50 61 72 74 44 61 74 61 43 50 5F 41 74 68 65 6E 61 5F 42 6F 64 79 5F 46 5F 50 72 69 6D 65 5F 42 2F 47 61 6D 65 2F 41 74 68 65 6E 61 2F 48 65 72 6F 65 73 2F 4D 65 73 68 65 73 2F 42 6F 64 69 65 73 2F 43 50 5F 41 74 68 65 6E 61 5F 42 6F 64 79 5F 46 5F 50 72 69 6D 65 5F 42 00 00 00 00 00 00 00 00 54 7B 85 0C 2D 3A EC 7B 7E A2 42 63 10 83 7A 73 E9 71 0B B6 57 37 B4 79 18 69 40 56 99 65 CF 69 E3 22 58 A5 6D 55 F8 70 53 05 00 00 00 00 00 00 1A 00 00 00 00 00 00 00 06 00 00 00 01 00 00 00 01 00 00 00 00 00 00 00 54 7B 85 0C 2D 3A EC 7B FF FF FF FF FF FF FF FF E9 71 0B B6 57 37 B4 79 00 00 00 00 00 00 00 00 00 00 00 00 00 00 00 00 6D 05 00 00 00 00 00 00 40 00 00 00 00 00 00 00 07 00 00 00 00 00 00 00 FF FF FF FF FF FF FF FF 7E A2 42 63 10 83 7A 73 FF FF FF FF FF FF FF FF 18 69 40 56 99 65 CF 69 80 DA 44 D0 33 46 E0 B2 0B 00 00 00 00 00 00 00 01 00 00 00 00 00 00 00 00 00 00 00 00 00 00 00 01 00 00 00 01 00 00 00 00 00 00 00 01 00 00 00 00 00 00 00 00 00 00 00 00 00 00 00 04 00 00 00 00 00 00 00 00 06 09 02 05 04 81 03 01 02 02 01 01 00 00 00 01 00 00 00 00 00 00 00 03 00 00 00 00 00 00 00 00 00 00 00 01 00 00 00 00 00 00 00 00 00 00 00 05 00 00 00 00 00 00 00 00 00 00 00 00 00 00 00 00 03 02 00 00 00 00 00 00 00 04 00 00 00 00 00 00 00 00 00 00 00 00 00 00 00 00 00 00 00 30 03

Replace:

00 00 00 00 AB 02 00 00 08 00 00 00 00 00 00 00 00 22 00 80 CE 04 00 00 BF 01 00 00 BF 01 00 00 E7 01 00 00 77 02 00 00 97 02 00 00 09 00 00 00 21 01 00 00 00 00 64 C1 00 00 00 00 00 00 00 00 00 00 00 00 00 00 00 00 00 00 00 3E 60 B4 8C 5A FC 0F 5E C7 9F DB 75 B7 55 11 11 B0 12 93 A6 64 BB 09 C4 98 49 77 72 88 86 14 98 7C 39 2A 35 BA ED A8 A8 7A B3 45 3F 60 FB 56 66 7F 3A B3 DA 1D E9 13 2E CB 00 0A 00 0C 00 62 00 1F 00 24 00 04 00 1B 00 0D 00 3A 2F 47 61 6D 65 2F 57 73 6C 74 2F 47 61 6D 65 2F 67 69 74 68 75 62 2F 47 61 6D 65 2F 43 68 61 72 61 63 74 65 72 73 2F 50 6C 61 79 65 72 2F 46 65 6D 61 6C 65 2F 4D 65 64 69 75 6D 2F 42 6F 64 69 65 73 2F 46 5F 4D 45 44 5F 50 72 69 6D 65 2F 4D 65 73 68 65 73 2F 46 5F 4D 45 44 5F 50 72 69 6D 65 5F 53 6B 65 6C 65 74 6F 6E 5F 41 6E 69 6D 42 6C 75 65 70 72 69 6E 74 63 6F 6D 2F 43 6F 64 65 57 73 6C 74 2F 46 6F 72 74 6E 69 74 65 2D 48 65 78 2D 53 77 61 70 73 46 5F 4D 45 44 5F 50 72 69 6D 65 5F 53 6B 65 6C 65 74 6F 6E 5F 41 6E 69 6D 42 6C 75 65 70 72 69 6E 74 5F 43 57 73 6C 74 43 75 73 74 6F 6D 43 68 61 72 61 63 74 65 72 42 6F 64 79 50 61 72 74 44 61 74 61 43 72 65 61 74 65 64 42 79 57 73 6C 74 2F 47 61 6D 65 2F 41 74 68 65 6E 61 2F 48 65 72 6F 65 73 2F 4D 65 73 68 65 73 2F 42 6F 64 69 65 73 2F 43 50 5F 41 74 68 65 6E 61 5F 42 6F 64 79 5F 46 5F 50 72 69 6D 65 5F 42 00 00 00 00 00 00 00 00 54 7B 85 0C 2D 3A EC 7B 7E A2 42 63 10 83 7A 73 E9 71 0B B6 57 37 B4 79 18 69 40 56 99 65 CF 69 E3 22 58 A5 6D 55 F8 70 CE 04 00 00 00 00 00 00 1A 00 00 00 00 00 00 00 06 00 00 00 01 00 00 00 01 00 00 00 00 00 00 00 54 7B 85 0C 2D 3A EC 7B FF FF FF FF FF FF FF FF E9 71 0B B6 57 37 B4 79 00 00 00 00 00 00 00 00 00 00 00 00 00 00 00 00 E8 04 00 00 00 00 00 00 40 00 00 00 00 00 00 00 07 00 00 00 00 00 00 00 FF FF FF FF FF FF FF FF 7E A2 42 63 10 83 7A 73 FF FF FF FF FF FF FF FF 18 69 40 56 99 65 CF 69 80 DA 44 D0 33 46 E0 B2 0B 00 00 00 00 00 00 00 01 00 00 00 00 00 00 00 00 00 00 00 00 00 00 00 01 00 00 00 01 00 00 00 00 00 00 00 01 00 00 00 00 00 00 00 00 00 00 00 00 00 00 00 04 00 00 00 00 00 00 00 00 06 09 02 05 04 81 03 01 02 02 01 01 00 00 00 01 00 00 00 00 00 00 00 03 00 00 00 00 00 00 00 00 00 00 00 01 00 00 00 00 00 00 00 00 00 00 00 05 00 00 00 00 00 00 00 00 00 00 00 00 00 00 00 00 03 02 00 00 00 00 00 00 00 04 00 00 00 00 00 00 00 00 00 00 00 00 00 00 00 00 00 00 00 00 00 00 00 00 00 00 00 00 00 00 00 00 00 00 00 00 00 00 00 00 00 00 00 00 00 00 00 00 00 00 00 00 00 00 00 00 00 00 00 00 00 00 00 00 00 00 00 00 00 00 00 00 00 00 00 00 00 00 00 00 00 00 00 00 00 00 00 00 00 00 00 00 00 00 00 00 00 00 00 00 00 00 00 00 00 00 00 00 00 00 00 00 00 00 00 00 00 00 00 00 00 00 00 00 00 00 00 00 00 00 00 00 00 00 00 00 00 00 00 00 00 00 00 00 00 00 00 00

----------------------------------------

Search (pakchunk10-WindowsClient_s1.ucas):

00 00 00 00 30 03 00 00 08 00 00 00 00 00 00 00 00 22 00 80 53 05 00 00 44 02 00 00 44 02 00 00 6C 02 00 00 FC 02 00 00 1C 03 00 00 09 00 00 00 A6 01 00 00 00 00 64 C1 00 00 00 00 DA 19 08 98 2C 90 E2 24 EC 8C 8B 40 0B 00 A6 3E 60 B4 8C 5A FC 0F 5E C7 9F DB 75 B7 55 11 11 B0 12 93 A6 64 BB 09 C4 98 49 77 72 88 86 14 98 7C 39 2A 35 BA ED A8 A8 7A 52 15 80 73 FC 07 28 F7 16 32 68 1C D3 2F F1 50 00 44 00 4B 00 62 00 0B 00 24 00 19 00 1B 00 18 00 3A 2F 47 61 6D 65 2F 43 68 61 72 61 63 74 65 72 73 2F 50 6C 61 79 65 72 2F 46 65 6D 61 6C 65 2F 4D 65 64 69 75 6D 2F 42 61 73 65 2F 53 4B 5F 4D 5F 46 65 6D 61 6C 65 5F 42 61 73 65 5F 53 6B 65 6C 65 74 6F 6E 2F 47 61 6D 65 2F 43 68 61 72 61 63 74 65 72 73 2F 50 6C 61 79 65 72 2F 46 65 6D 61 6C 65 2F 4D 65 64 69 75 6D 2F 42 6F 64 69 65 73 2F 46 5F 4D 45 44 5F 50 72 69 6D 65 2F 4D 65 73 68 65 73 2F 46 5F 4D 45 44 5F 50 72 69 6D 65 2F 47 61 6D 65 2F 43 68 61 72 61 63 74 65 72 73 2F 50 6C 61 79 65 72 2F 46 65 6D 61 6C 65 2F 4D 65 64 69 75 6D 2F 42 6F 64 69 65 73 2F 46 5F 4D 45 44 5F 50 72 69 6D 65 2F 4D 65 73 68 65 73 2F 46 5F 4D 45 44 5F 50 72 69 6D 65 5F 53 6B 65 6C 65 74 6F 6E 5F 41 6E 69 6D 42 6C 75 65 70 72 69 6E 74 46 5F 4D 45 44 5F 50 72 69 6D 65 46 5F 4D 45 44 5F 50 72 69 6D 65 5F 53 6B 65 6C 65 74 6F 6E 5F 41 6E 69 6D 42 6C 75 65 70 72 69 6E 74 5F 43 53 4B 5F 4D 5F 46 65 6D 61 6C 65 5F 42 61 73 65 5F 53 6B 65 6C 65 74 6F 6E 43 75 73 74 6F 6D 43 68 61 72 61 63 74 65 72 42 6F 64 79 50 61 72 74 44 61 74 61 43 50 5F 41 74 68 65 6E 61 5F 42 6F 64 79 5F 46 5F 50 72 69 6D 65 5F 43 2F 47 61 6D 65 2F 41 74 68 65 6E 61 2F 48 65 72 6F 65 73 2F 4D 65 73 68 65 73 2F 42 6F 64 69 65 73 2F 43 50 5F 41 74 68 65 6E 61 5F 42 6F 64 79 5F 46 5F 50 72 69 6D 65 5F 43 00 00 00 00 00 00 00 00 54 7B 85 0C 2D 3A EC 7B 7E A2 42 63 10 83 7A 73 E9 71 0B B6 57 37 B4 79 18 69 40 56 99 65 CF 69 E3 22 58 A5 6D 55 F8 70 53 05 00 00 00 00 00 00 1A 00 00 00 00 00 00 00 06 00 00 00 01 00 00 00 01 00 00 00 00 00 00 00 54 7B 85 0C 2D 3A EC 7B FF FF FF FF FF FF FF FF E9 71 0B B6 57 37 B4 79 00 00 00 00 00 00 00 00 00 00 00 00 00 00 00 00 6D 05 00 00 00 00 00 00 40 00 00 00 00 00 00 00 07 00 00 00 00 00 00 00 FF FF FF FF FF FF FF FF 7E A2 42 63 10 83 7A 73 FF FF FF FF FF FF FF FF 18 69 40 56 99 65 CF 69 71 17 4A A2 35 CC 76 E6 0B 00 00 00 00 00 00 00 01 00 00 00 00 00 00 00 00 00 00 00 00 00 00 00 01 00 00 00 01 00 00 00 00 00 00 00 01 00 00 00 00 00 00 00 00 00 00 00 00 00 00 00 04 00 00 00 00 00 00 00 00 06 09 02 05 04 81 03 01 02 02 01 01 00 00 00 01 00 00 00 00 00 00 00 03 00 00 00 00 00 00 00 00 00 00 00 01 00 00 00 00 00 00 00 00 00 00 00 05 00 00 00 00 00 00 00 00 00 00 00 00 00 00 00 00 03 02 00 00 00 00 00 00 00 04 00 00 00 00 00 00 00 00 00 00 00 00 00 00 00 00 00 00 00 30 03

Replace:

00 00 00 00 AB 02 00 00 08 00 00 00 00 00 00 00 00 22 00 80 CE 04 00 00 BF 01 00 00 BF 01 00 00 E7 01 00 00 77 02 00 00 97 02 00 00 09 00 00 00 21 01 00 00 00 00 64 C1 00 00 00 00 00 00 00 00 00 00 00 00 00 00 00 00 00 00 00 3E 60 B4 8C 5A FC 0F 5E C7 9F DB 75 B7 55 11 11 B0 12 93 A6 64 BB 09 C4 98 49 77 72 88 86 14 98 7C 39 2A 35 BA ED A8 A8 7A 52 15 80 73 FC 07 28 F7 16 32 68 1C D3 2F F1 50 00 0A 00 0C 00 62 00 1F 00 24 00 04 00 1B 00 0D 00 3A 2F 47 61 6D 65 2F 57 73 6C 74 2F 47 61 6D 65 2F 67 69 74 68 75 62 2F 47 61 6D 65 2F 43 68 61 72 61 63 74 65 72 73 2F 50 6C 61 79 65 72 2F 46 65 6D 61 6C 65 2F 4D 65 64 69 75 6D 2F 42 6F 64 69 65 73 2F 46 5F 4D 45 44 5F 50 72 69 6D 65 2F 4D 65 73 68 65 73 2F 46 5F 4D 45 44 5F 50 72 69 6D 65 5F 53 6B 65 6C 65 74 6F 6E 5F 41 6E 69 6D 42 6C 75 65 70 72 69 6E 74 63 6F 6D 2F 43 6F 64 65 57 73 6C 74 2F 46 6F 72 74 6E 69 74 65 2D 48 65 78 2D 53 77 61 70 73 46 5F 4D 45 44 5F 50 72 69 6D 65 5F 53 6B 65 6C 65 74 6F 6E 5F 41 6E 69 6D 42 6C 75 65 70 72 69 6E 74 5F 43 57 73 6C 74 43 75 73 74 6F 6D 43 68 61 72 61 63 74 65 72 42 6F 64 79 50 61 72 74 44 61 74 61 43 72 65 61 74 65 64 42 79 57 73 6C 74 2F 47 61 6D 65 2F 41 74 68 65 6E 61 2F 48 65 72 6F 65 73 2F 4D 65 73 68 65 73 2F 42 6F 64 69 65 73 2F 43 50 5F 41 74 68 65 6E 61 5F 42 6F 64 79 5F 46 5F 50 72 69 6D 65 5F 43 00 00 00 00 00 00 00 00 54 7B 85 0C 2D 3A EC 7B 7E A2 42 63 10 83 7A 73 E9 71 0B B6 57 37 B4 79 18 69 40 56 99 65 CF 69 E3 22 58 A5 6D 55 F8 70 CE 04 00 00 00 00 00 00 1A 00 00 00 00 00 00 00 06 00 00 00 01 00 00 00 01 00 00 00 00 00 00 00 54 7B 85 0C 2D 3A EC 7B FF FF FF FF FF FF FF FF E9 71 0B B6 57 37 B4 79 00 00 00 00 00 00 00 00 00 00 00 00 00 00 00 00 E8 04 00 00 00 00 00 00 40 00 00 00 00 00 00 00 07 00 00 00 00 00 00 00 FF FF FF FF FF FF FF FF 7E A2 42 63 10 83 7A 73 FF FF FF FF FF FF FF FF 18 69 40 56 99 65 CF 69 71 17 4A A2 35 CC 76 E6 0B 00 00 00 00 00 00 00 01 00 00 00 00 00 00 00 00 00 00 00 00 00 00 00 01 00 00 00 01 00 00 00 00 00 00 00 01 00 00 00 00 00 00 00 00 00 00 00 00 00 00 00 04 00 00 00 00 00 00 00 00 06 09 02 05 04 81 03 01 02 02 01 01 00 00 00 01 00 00 00 00 00 00 00 03 00 00 00 00 00 00 00 00 00 00 00 01 00 00 00 00 00 00 00 00 00 00 00 05 00 00 00 00 00 00 00 00 00 00 00 00 00 00 00 00 03 02 00 00 00 00 00 00 00 04 00 00 00 00 00 00 00 00 00 00 00 00 00 00 00 00 00 00 00 00 00 00 00 00 00 00 00 00 00 00 00 00 00 00 00 00 00 00 00 00 00 00 00 00 00 00 00 00 00 00 00 00 00 00 00 00 00 00 00 00 00 00 00 00 00 00 00 00 00 00 00 00 00 00 00 00 00 00 00 00 00 00 00 00 00 00 00 00 00 00 00 00 00 00 00 00 00 00 00 00 00 00 00 00 00 00 00 00 00 00 00 00 00 00 00 00 00 00 00 00 00 00 00 00 00 00 00 00 00 00 00 00 00 00 00 00 00 00 00 00 00 00 00 00 00 00 00 00

----------------------------------------

Search (pakchunk10-WindowsClient_s1.ucas):

00 00 00 00 2C 03 00 00 08 00 00 00 00 00 00 00 00 22 00 80 4D 05 00 00 40 02 00 00 40 02 00 00 68 02 00 00 F8 02 00 00 18 03 00 00 09 00 00 00 A2 01 00 00 00 00 64 C1 00 00 00 00 DA 19 08 98 2C 90 E2 24 EC 8C 8B 40 0B 00 A6 3E 60 B4 8C 5A FC 0F 5E C7 9F DB 75 B7 55 11 11 B0 12 93 A6 64 BB 09 C4 98 49 77 72 88 86 14 98 7C 39 2A 35 BA ED A8 A8 7A 1C 56 B5 D9 CC A4 78 3F F4 46 4C D6 06 3A 91 1D 00 44 00 4B 00 62 00 0B 00 24 00 19 00 1B 00 16 00 38 2F 47 61 6D 65 2F 43 68 61 72 61 63 74 65 72 73 2F 50 6C 61 79 65 72 2F 46 65 6D 61 6C 65 2F 4D 65 64 69 75 6D 2F 42 61 73 65 2F 53 4B 5F 4D 5F 46 65 6D 61 6C 65 5F 42 61 73 65 5F 53 6B 65 6C 65 74 6F 6E 2F 47 61 6D 65 2F 43 68 61 72 61 63 74 65 72 73 2F 50 6C 61 79 65 72 2F 46 65 6D 61 6C 65 2F 4D 65 64 69 75 6D 2F 42 6F 64 69 65 73 2F 46 5F 4D 45 44 5F 50 72 69 6D 65 2F 4D 65 73 68 65 73 2F 46 5F 4D 45 44 5F 50 72 69 6D 65 2F 47 61 6D 65 2F 43 68 61 72 61 63 74 65 72 73 2F 50 6C 61 79 65 72 2F 46 65 6D 61 6C 65 2F 4D 65 64 69 75 6D 2F 42 6F 64 69 65 73 2F 46 5F 4D 45 44 5F 50 72 69 6D 65 2F 4D 65 73 68 65 73 2F 46 5F 4D 45 44 5F 50 72 69 6D 65 5F 53 6B 65 6C 65 74 6F 6E 5F 41 6E 69 6D 42 6C 75 65 70 72 69 6E 74 46 5F 4D 45 44 5F 50 72 69 6D 65 46 5F 4D 45 44 5F 50 72 69 6D 65 5F 53 6B 65 6C 65 74 6F 6E 5F 41 6E 69 6D 42 6C 75 65 70 72 69 6E 74 5F 43 53 4B 5F 4D 5F 46 65 6D 61 6C 65 5F 42 61 73 65 5F 53 6B 65 6C 65 74 6F 6E 43 75 73 74 6F 6D 43 68 61 72 61 63 74 65 72 42 6F 64 79 50 61 72 74 44 61 74 61 43 50 5F 41 74 68 65 6E 61 5F 42 6F 64 79 5F 46 5F 50 72 69 6D 65 2F 47 61 6D 65 2F 41 74 68 65 6E 61 2F 48 65 72 6F 65 73 2F 4D 65 73 68 65 73 2F 42 6F 64 69 65 73 2F 43 50 5F 41 74 68 65 6E 61 5F 42 6F 64 79 5F 46 5F 50 72 69 6D 65 00 00 00 00 00 00 00 00 54 7B 85 0C 2D 3A EC 7B 7E A2 42 63 10 83 7A 73 E9 71 0B B6 57 37 B4 79 18 69 40 56 99 65 CF 69 E3 22 58 A5 6D 55 F8 70 4D 05 00 00 00 00 00 00 1A 00 00 00 00 00 00 00 06 00 00 00 01 00 00 00 01 00 00 00 00 00 00 00 54 7B 85 0C 2D 3A EC 7B FF FF FF FF FF FF FF FF E9 71 0B B6 57 37 B4 79 00 00 00 00 00 00 00 00 00 00 00 00 00 00 00 00 67 05 00 00 00 00 00 00 3D 00 00 00 00 00 00 00 07 00 00 00 00 00 00 00 FF FF FF FF FF FF FF FF 7E A2 42 63 10 83 7A 73 FF FF FF FF FF FF FF FF 18 69 40 56 99 65 CF 69 86 45 95 25 FC F9 93 21 0B 00 00 00 00 00 00 00 01 00 00 00 00 00 00 00 00 00 00 00 00 00 00 00 01 00 00 00 01 00 00 00 00 00 00 00 01 00 00 00 00 00 00 00 00 00 00 00 00 00 00 00 04 00 00 00 00 00 00 00 00 06 09 02 05 05 02 02 01 01 00 00 00 01 00 00 00 00 00 00 00 03 00 00 00 00 00 00 00 00 00 00 00 01 00 00 00 00 00 00 00 00 00 00 00 05 00 00 00 00 00 00 00 00 00 00 00 00 00 00 00 00 03 02 00 00 00 00 00 00 00 04 00 00 00 00 00 00 00 00 00 00 00 00 00 00 00 00 00 00 00 2C 03 00 00 08 00 00 00 00

Replace:

00 00 00 00 A9 02 00 00 08 00 00 00 00 00 00 00 00 22 00 80 CA 04 00 00 BD 01 00 00 BD 01 00 00 E5 01 00 00 75 02 00 00 95 02 00 00 09 00 00 00 1F 01 00 00 00 00 64 C1 00 00 00 00 00 00 00 00 00 00 00 00 00 00 00 00 00 00 00 3E 60 B4 8C 5A FC 0F 5E C7 9F DB 75 B7 55 11 11 B0 12 93 A6 64 BB 09 C4 98 49 77 72 88 86 14 98 7C 39 2A 35 BA ED A8 A8 7A 1C 56 B5 D9 CC A4 78 3F F4 46 4C D6 06 3A 91 1D 00 0A 00 0C 00 62 00 1F 00 24 00 04 00 1B 00 0D 00 38 2F 47 61 6D 65 2F 57 73 6C 74 2F 47 61 6D 65 2F 67 69 74 68 75 62 2F 47 61 6D 65 2F 43 68 61 72 61 63 74 65 72 73 2F 50 6C 61 79 65 72 2F 46 65 6D 61 6C 65 2F 4D 65 64 69 75 6D 2F 42 6F 64 69 65 73 2F 46 5F 4D 45 44 5F 50 72 69 6D 65 2F 4D 65 73 68 65 73 2F 46 5F 4D 45 44 5F 50 72 69 6D 65 5F 53 6B 65 6C 65 74 6F 6E 5F 41 6E 69 6D 42 6C 75 65 70 72 69 6E 74 63 6F 6D 2F 43 6F 64 65 57 73 6C 74 2F 46 6F 72 74 6E 69 74 65 2D 48 65 78 2D 53 77 61 70 73 46 5F 4D 45 44 5F 50 72 69 6D 65 5F 53 6B 65 6C 65 74 6F 6E 5F 41 6E 69 6D 42 6C 75 65 70 72 69 6E 74 5F 43 57 73 6C 74 43 75 73 74 6F 6D 43 68 61 72 61 63 74 65 72 42 6F 64 79 50 61 72 74 44 61 74 61 43 72 65 61 74 65 64 42 79 57 73 6C 74 2F 47 61 6D 65 2F 41 74 68 65 6E 61 2F 48 65 72 6F 65 73 2F 4D 65 73 68 65 73 2F 42 6F 64 69 65 73 2F 43 50 5F 41 74 68 65 6E 61 5F 42 6F 64 79 5F 46 5F 50 72 69 6D 65 00 00 00 00 00 00 00 00 54 7B 85 0C 2D 3A EC 7B 7E A2 42 63 10 83 7A 73 E9 71 0B B6 57 37 B4 79 18 69 40 56 99 65 CF 69 E3 22 58 A5 6D 55 F8 70 CA 04 00 00 00 00 00 00 1A 00 00 00 00 00 00 00 06 00 00 00 01 00 00 00 01 00 00 00 00 00 00 00 54 7B 85 0C 2D 3A EC 7B FF FF FF FF FF FF FF FF E9 71 0B B6 57 37 B4 79 00 00 00 00 00 00 00 00 00 00 00 00 00 00 00 00 E4 04 00 00 00 00 00 00 3D 00 00 00 00 00 00 00 07 00 00 00 00 00 00 00 FF FF FF FF FF FF FF FF 7E A2 42 63 10 83 7A 73 FF FF FF FF FF FF FF FF 18 69 40 56 99 65 CF 69 86 45 95 25 FC F9 93 21 0B 00 00 00 00 00 00 00 01 00 00 00 00 00 00 00 00 00 00 00 00 00 00 00 01 00 00 00 01 00 00 00 00 00 00 00 01 00 00 00 00 00 00 00 00 00 00 00 00 00 00 00 04 00 00 00 00 00 00 00 00 06 09 02 05 05 02 02 01 01 00 00 00 01 00 00 00 00 00 00 00 03 00 00 00 00 00 00 00 00 00 00 00 01 00 00 00 00 00 00 00 00 00 00 00 05 00 00 00 00 00 00 00 00 00 00 00 00 00 00 00 00 03 02 00 00 00 00 00 00 00 04 00 00 00 00 00 00 00 00 00 00 00 00 00 00 00 00 00 00 00 00 00 00 00 00 00 00 00 00 00 00 00 00 00 00 00 00 00 00 00 00 00 00 00 00 00 00 00 00 00 00 00 00 00 00 00 00 00 00 00 00 00 00 00 00 00 00 00 00 00 00 00 00 00 00 00 00 00 00 00 00 00 00 00 00 00 00 00 00 00 00 00 00 00 00 00 00 00 00 00 00 00 00 00 00 00 00 00 00 00 00 00 00 00 00 00 00 00 00 00 00 00 00 00 00 00 00 00 00 00 00 00 00 00 00 00 00 00 00 00 00 00 00 00 00 00 00

----------------------------------------

Search (pakchunk10-WindowsClient_s1.ucas):

00 00 00 00 34 03 00 00 08 00 00 00 00 00 00 00 00 22 00 80 57 05 00 00 48 02 00 00 48 02 00 00 70 02 00 00 00 03 00 00 20 03 00 00 09 00 00 00 AA 01 00 00 00 00 64 C1 00 00 00 00 DA 19 08 98 2C 90 E2 24 EC 8C 8B 40 0B 00 A6 3E 9A 8A A4 44 E3 CF 5D DB 9F DB 75 B7 55 11 11 B0 D8 9C 33 81 1D 04 A0 98 49 77 72 88 86 14 98 7C 39 2A 35 BA ED A8 A8 7A 80 39 1C 5A 03 96 25 B9 DF 79 79 DE DA 64 4D 9B 00 44 00 4B 00 64 00 0B 00 26 00 19 00 1B 00 18 00 3A 2F 47 61 6D 65 2F 43 68 61 72 61 63 74 65 72 73 2F 50 6C 61 79 65 72 2F 46 65 6D 61 6C 65 2F 4D 65 64 69 75 6D 2F 42 61 73 65 2F 53 4B 5F 4D 5F 46 65 6D 61 6C 65 5F 42 61 73 65 5F 53 6B 65 6C 65 74 6F 6E 2F 47 61 6D 65 2F 43 68 61 72 61 63 74 65 72 73 2F 50 6C 61 79 65 72 2F 46 65 6D 61 6C 65 2F 4D 65 64 69 75 6D 2F 42 6F 64 69 65 73 2F 46 5F 4D 45 44 5F 50 72 69 6D 65 2F 4D 65 73 68 65 73 2F 46 5F 4D 45 44 5F 50 72 69 6D 65 2F 47 61 6D 65 2F 43 68 61 72 61 63 74 65 72 73 2F 50 6C 61 79 65 72 2F 46 65 6D 61 6C 65 2F 4D 65 64 69 75 6D 2F 42 6F 64 69 65 73 2F 46 5F 4D 45 44 5F 50 72 69 6D 65 2F 4D 65 73 68 65 73 2F 46 5F 4D 45 44 5F 50 72 69 6D 65 5F 53 6B 65 6C 65 74 6F 6E 5F 41 6E 69 6D 42 6C 75 65 70 72 69 6E 74 5F 45 46 5F 4D 45 44 5F 50 72 69 6D 65 46 5F 4D 45 44 5F 50 72 69 6D 65 5F 53 6B 65 6C 65 74 6F 6E 5F 41 6E 69 6D 42 6C 75 65 70 72 69 6E 74 5F 45 5F 43 53 4B 5F 4D 5F 46 65 6D 61 6C 65 5F 42 61 73 65 5F 53 6B 65 6C 65 74 6F 6E 43 75 73 74 6F 6D 43 68 61 72 61 63 74 65 72 42 6F 64 79 50 61 72 74 44 61 74 61 43 50 5F 41 74 68 65 6E 61 5F 42 6F 64 79 5F 46 5F 50 72 69 6D 65 5F 45 2F 47 61 6D 65 2F 41 74 68 65 6E 61 2F 48 65 72 6F 65 73 2F 4D 65 73 68 65 73 2F 42 6F 64 69 65 73 2F 43 50 5F 41 74 68 65 6E 61 5F 42 6F 64 79 5F 46 5F 50 72 69 6D 65 5F 45 00 00 00 00 00 00 00 00 54 7B 85 0C 2D 3A EC 7B 7E A2 42 63 10 83 7A 73 E9 71 0B B6 57 37 B4 79 18 69 40 56 99 65 CF 69 E3 22 58 A5 6D 55 F8 70 57 05 00 00 00 00 00 00 1A 00 00 00 00 00 00 00 06 00 00 00 01 00 00 00 01 00 00 00 00 00 00 00 54 7B 85 0C 2D 3A EC 7B FF FF FF FF FF FF FF FF E9 71 0B B6 57 37 B4 79 00 00 00 00 00 00 00 00 00 00 00 00 00 00 00 00 71 05 00 00 00 00 00 00 40 00 00 00 00 00 00 00 07 00 00 00 00 00 00 00 FF FF FF FF FF FF FF FF 7E A2 42 63 10 83 7A 73 FF FF FF FF FF FF FF FF 18 69 40 56 99 65 CF 69 B9 A5 B9 53 80 8C 46 52 0B 00 00 00 00 00 00 00 01 00 00 00 00 00 00 00 00 00 00 00 00 00 00 00 01 00 00 00 01 00 00 00 00 00 00 00 01 00 00 00 00 00 00 00 00 00 00 00 00 00 00 00 04 00 00 00 00 00 00 00 00 06 09 02 05 04 81 03 01 02 02 01 01 00 00 00 01 00 00 00 00 00 00 00 03 00 00 00 00 00 00 00 00 00 00 00 01 00 00 00 00 00 00 00 00 00 00 00 05 00 00 00 00 00 00 00 00 00 00 00 00 00 00 00 00 03 02 00 00 00 00 00 00 00 04 00 00 00 00 00 00 00 00 00 00 00 00 00 00 00 00 00

Replace:

00 00 00 00 AF 02 00 00 08 00 00 00 00 00 00 00 00 22 00 80 D2 04 00 00 C3 01 00 00 C3 01 00 00 EB 01 00 00 7B 02 00 00 9B 02 00 00 09 00 00 00 25 01 00 00 00 00 64 C1 00 00 00 00 00 00 00 00 00 00 00 00 00 00 00 00 00 00 00 3E 9A 8A A4 44 E3 CF 5D DB 9F DB 75 B7 55 11 11 B0 D8 9C 33 81 1D 04 A0 98 49 77 72 88 86 14 98 7C 39 2A 35 BA ED A8 A8 7A 80 39 1C 5A 03 96 25 B9 DF 79 79 DE DA 64 4D 9B 00 0A 00 0C 00 64 00 1F 00 26 00 04 00 1B 00 0D 00 3A 2F 47 61 6D 65 2F 57 73 6C 74 2F 47 61 6D 65 2F 67 69 74 68 75 62 2F 47 61 6D 65 2F 43 68 61 72 61 63 74 65 72 73 2F 50 6C 61 79 65 72 2F 46 65 6D 61 6C 65 2F 4D 65 64 69 75 6D 2F 42 6F 64 69 65 73 2F 46 5F 4D 45 44 5F 50 72 69 6D 65 2F 4D 65 73 68 65 73 2F 46 5F 4D 45 44 5F 50 72 69 6D 65 5F 53 6B 65 6C 65 74 6F 6E 5F 41 6E 69 6D 42 6C 75 65 70 72 69 6E 74 5F 45 63 6F 6D 2F 43 6F 64 65 57 73 6C 74 2F 46 6F 72 74 6E 69 74 65 2D 48 65 78 2D 53 77 61 70 73 46 5F 4D 45 44 5F 50 72 69 6D 65 5F 53 6B 65 6C 65 74 6F 6E 5F 41 6E 69 6D 42 6C 75 65 70 72 69 6E 74 5F 45 5F 43 57 73 6C 74 43 75 73 74 6F 6D 43 68 61 72 61 63 74 65 72 42 6F 64 79 50 61 72 74 44 61 74 61 43 72 65 61 74 65 64 42 79 57 73 6C 74 2F 47 61 6D 65 2F 41 74 68 65 6E 61 2F 48 65 72 6F 65 73 2F 4D 65 73 68 65 73 2F 42 6F 64 69 65 73 2F 43 50 5F 41 74 68 65 6E 61 5F 42 6F 64 79 5F 46 5F 50 72 69 6D 65 5F 45 00 00 00 00 00 00 00 00 54 7B 85 0C 2D 3A EC 7B 7E A2 42 63 10 83 7A 73 E9 71 0B B6 57 37 B4 79 18 69 40 56 99 65 CF 69 E3 22 58 A5 6D 55 F8 70 D2 04 00 00 00 00 00 00 1A 00 00 00 00 00 00 00 06 00 00 00 01 00 00 00 01 00 00 00 00 00 00 00 54 7B 85 0C 2D 3A EC 7B FF FF FF FF FF FF FF FF E9 71 0B B6 57 37 B4 79 00 00 00 00 00 00 00 00 00 00 00 00 00 00 00 00 EC 04 00 00 00 00 00 00 40 00 00 00 00 00 00 00 07 00 00 00 00 00 00 00 FF FF FF FF FF FF FF FF 7E A2 42 63 10 83 7A 73 FF FF FF FF FF FF FF FF 18 69 40 56 99 65 CF 69 B9 A5 B9 53 80 8C 46 52 0B 00 00 00 00 00 00 00 01 00 00 00 00 00 00 00 00 00 00 00 00 00 00 00 01 00 00 00 01 00 00 00 00 00 00 00 01 00 00 00 00 00 00 00 00 00 00 00 00 00 00 00 04 00 00 00 00 00 00 00 00 06 09 02 05 04 81 03 01 02 02 01 01 00 00 00 01 00 00 00 00 00 00 00 03 00 00 00 00 00 00 00 00 00 00 00 01 00 00 00 00 00 00 00 00 00 00 00 05 00 00 00 00 00 00 00 00 00 00 00 00 00 00 00 00 03 02 00 00 00 00 00 00 00 04 00 00 00 00 00 00 00 00 00 00 00 00 00 00 00 00 00 00 00 00 00 00 00 00 00 00 00 00 00 00 00 00 00 00 00 00 00 00 00 00 00 00 00 00 00 00 00 00 00 00 00 00 00 00 00 00 00 00 00 00 00 00 00 00 00 00 00 00 00 00 00 00 00 00 00 00 00 00 00 00 00 00 00 00 00 00 00 00 00 00 00 00 00 00 00 00 00 00 00 00 00 00 00 00 00 00 00 00 00 00 00 00 00 00 00 00 00 00 00 00 00 00 00 00 00 00 00 00 00 00 00 00 00 00 00 00 00 00 00 00 00 00 00 00 00 00 00 00

----------------------------------------

Search (pakchunk10-WindowsClient_s1.ucas):

8C 02 02 47 FA 00 00 00 00 C5 03 00 00 0A 00 99 F9 22 00 80 E6 05 00 00 D9 02 94 0F 03 01 03 00 00 91 03 00 00 B1 03 00 00 0B 00 00 00 27 02 29 00 02 64 C1 2F 00 2F 8F DA 19 08 98 2C 90 E2 24 EC 8C 8B 40 0B 00 A6 3E 60 B4 8C 5A FC 0F 5E C7 4D C5 01 40 C1 AA 0F 5A 9F DB 75 B7 55 11 11 B0 C7 55 F2 4A CD 4A 62 49 12 93 A6 64 BB 09 C4 98 49 77 72 88 86 14 98 7C 39 2A 35 BA ED A8 A8 7A E6 7F A4 3C 09 2F 86 A2 21 21 46 6F 35 30 B8 72 00 44 00 4B 00 62 00 6D 00 0B 00 14 00 24 00 19 00 1B 00 18 00 3A 2F 47 61 6D 65 2F 43 68 61 72 61 63 74 65 72 73 2F 50 6C 61 79 65 72 2F 46 65 6D 61 6C 65 2F 4D 65 64 69 75 6D 2F 42 61 73 65 2F 53 4B 5F 4D 5F 18 00 FE 5F 42 61 73 65 5F 53 6B 65 6C 65 74 6F 6E 14 44 00 0F 01 6F 64 69 65 73 2F 46 5F 4D 45 44 5F 50 72 69 6D 1A 00 B2 73 68 13 00 F0 37 4B 00 50 9F 00 FE 5F 41 6E 69 6D 42 6C 75 65 70 72 69 6E 74 26 62 00 94 53 6B 69 6E AC 00 BD 5F 42 4C 4B 2F 4D 61 74 65 72 69 61 6C 1A 00 03 6F 64 79 1F 00 70 14 00 F0 0C 1F 00 F0 04 AE 00 F2 5F 43 06 76 01 56 43 75 73 74 6F 6D 76 01 00 73 00 2F 02 50 61 72 74 44 61 74 61 43 50 5F 41 74 68 65 6E 61 89 00 31 46 96 00 21 47 FC 00 20 1B 00 47 2F 48 65 72 6F 65 73 39 01 30 9E 01 F0 05 3A 00 40 C8 02 0F 19 54 7B 85 0C 2D 3A EC 7B 7E A2 42 63 10 83 7A 73 E9 71 0B B6 57 37 B4 79 18 69 40 56 99 65 CF 69 E3 22 58 A5 6D 55 F8 70 ED 02 00 FC 02 31 1A 39 00 F5 08 00 00 00 01 9C F0 81 40 48 00 F1 FF 99 40 48 00 F1 00 E1 21 06 12 00 31 63 18 00 31 09 08 00 40 38 00 40 88 00 40 10 00 40 88 00 39 A1 93 33 33 99 28 8A 1B 0B 30 00 40 78 00 71 00 10 00 71 01 0C 00 F0 C1 41 04 0D 00 7F 01 06 09 02 05 04 81 02 01 02 05 03 01 02 02 01 01 2C 00 50 24 00 B0 5C 00 F2 07 00 B1 00 2C 00 02 80 05 EB 03 10 15 00 B1 05 1B 00 10

Replace:

8C 02 02 30 FA 00 00 00 00 EA 02 00 00 0A 00 99 F9 22 00 80 0B 05 00 00 FE 01 94 0F 03 26 02 00 00 B6 02 00 00 D6 02 00 00 0B 00 00 00 4C 01 29 00 F3 64 C1 00 F1 2F 5A 3E 60 B4 8C 5A FC 0F 5E C7 4D C5 01 40 C1 AA 0F 5A 9F DB 75 B7 55 11 11 B0 C7 55 F2 4A CD 4A 62 49 12 93 A6 64 BB 09 C4 98 49 77 72 88 86 14 98 7C 39 2A 35 BA ED A8 A8 7A E6 7F A4 3C 09 2F 86 A2 21 21 46 6F 35 30 B8 72 00 0A 00 0C 00 62 00 0C 00 1F 00 1F 00 24 00 04 00 1B 00 0D 00 3A 2F 47 61 6D 65 2F 57 73 6C 74 0A 00 26 67 69 74 68 75 62 0C 00 0F 22 43 68 61 72 61 63 74 65 72 73 2F 50 6C 61 79 65 72 2F 46 65 6D 61 6C 65 2F 4D 65 64 69 75 6D 2F 42 6F 64 69 65 73 2F 46 5F 4D 45 44 5F 50 72 69 6D 1A 00 A2 73 68 13 00 9F 07 5F 53 6B 65 6C 65 74 6F 6E 5F 41 6E 69 6D 42 6C 75 65 70 72 69 6E 6E 00 18 63 6F 6D 2F 43 6F 64 65 86 00 FF 03 46 6F 72 74 6E 69 74 65 2D 48 65 78 2D 53 77 61 70 73 0C 1F 00 F0 0F 6C 00 02 5F 43 3B 00 56 43 75 73 74 6F 6D D4 00 1F 06 42 6F 64 79 50 61 72 74 44 61 74 61 43 72 65 61 74 65 64 42 79 82 00 10 9A 00 4D 41 74 68 65 6E 61 2F 48 65 72 6F 65 73 D7 00 30 F1 00 23 43 50 5F 1F 00 01 5F 45 00 32 5F 46 7D 00 41 47 ED 01 0F 19 54 7B 85 0C 2D 3A EC 7B 7E A2 42 63 10 83 7A 73 E9 71 0B B6 57 37 B4 79 18 69 40 56 99 65 CF 69 E3 22 58 A5 6D 55 F8 70 12 02 F0 81 31 1A 39 00 F5 08 00 00 00 01 9C 00 18 00 40 48 00 F1 FF 99 40 48 00 F1 00 D9 31 25 48 00 31 63 18 00 31 09 08 00 40 38 00 40 88 00 40 10 00 40 88 00 39 A1 93 33 33 99 28 8A 1B 0B 38 00 40 78 00 71 00 10 00 71 01 0C 00 F0 C1 41 04 0D 00 8F 00 06 09 02 05 04 81 02 01 02 05 03 01 02 02 01 34 00 50 24 00 B0 5C 00 F2 07 00 B1 00 30 00 34 80 05 01 03 13 00 61 05 1A 00 60 33 00 32 03 02 16 00 F2 06 00 F9 C0 CE 09 00 00 00 00 00 00 00 00

----------------------------------------

Search (pakchunk10-WindowsClient_s1.ucas):

00 00 00 00 02 03 00 00 08 00 00 00 00 00 00 00 00 22 00 80 23 05 00 00 16 02 00 00 16 02 00 00 3E 02 00 00 CE 02 00 00 EE 02 00 00 09 00 00 00 78 01 00 00 00 00 64 C1 00 00 00 00 3F 2D 8A 55 3E 7A F2 A1 47 C4 93 B7 35 63 9A 3B 70 33 55 C5 1C 50 0A 52 A2 E3 34 12 EA 02 24 61 E2 68 85 8B 72 A0 A2 7A 3F 68 59 C1 9F 82 81 DB 39 2A 35 BA ED A8 A8 7A 1B E4 30 06 67 A4 A2 5F 83 C6 9D 38 6F FE A1 89 00 40 00 49 00 50 00 0B 00 14 00 17 00 1B 00 16 00 38 2F 47 61 6D 65 2F 43 68 61 72 61 63 74 65 72 73 2F 50 6C 61 79 65 72 2F 4D 61 6C 65 2F 4D 65 64 69 75 6D 2F 42 61 73 65 2F 53 4B 5F 4D 5F 4D 41 4C 45 5F 42 61 73 65 5F 53 6B 65 6C 65 74 6F 6E 2F 47 61 6D 65 2F 43 68 61 72 61 63 74 65 72 73 2F 50 6C 61 79 65 72 2F 4D 61 6C 65 2F 4D 65 64 69 75 6D 2F 42 6F 64 69 65 73 2F 4D 5F 4D 45 44 5F 50 72 69 6D 65 2F 4D 65 73 68 65 73 2F 4D 5F 4D 45 44 5F 50 72 69 6D 65 2F 47 61 6D 65 2F 43 68 61 72 61 63 74 65 72 73 2F 50 6C 61 79 65 72 2F 4D 61 6C 65 2F 4D 65 64 69 75 6D 2F 42 6F 64 69 65 73 2F 4D 5F 4D 45 44 5F 50 72 69 6D 65 2F 4D 65 73 68 65 73 2F 4D 5F 4D 45 44 5F 50 72 69 6D 65 5F 41 6E 69 6D 42 50 4D 5F 4D 45 44 5F 50 72 69 6D 65 4D 5F 4D 45 44 5F 50 72 69 6D 65 5F 41 6E 69 6D 42 50 5F 43 53 4B 5F 4D 5F 4D 41 4C 45 5F 42 61 73 65 5F 53 6B 65 6C 65 74 6F 6E 43 75 73 74 6F 6D 43 68 61 72 61 63 74 65 72 42 6F 64 79 50 61 72 74 44 61 74 61 43 50 5F 41 74 68 65 6E 61 5F 42 6F 64 79 5F 4D 5F 50 72 69 6D 65 2F 47 61 6D 65 2F 41 74 68 65 6E 61 2F 48 65 72 6F 65 73 2F 4D 65 73 68 65 73 2F 42 6F 64 69 65 73 2F 43 50 5F 41 74 68 65 6E 61 5F 42 6F 64 79 5F 4D 5F 50 72 69 6D 65 00 00 00 00 00 00 00 00 54 7B 85 0C 2D 3A EC 7B 7E A2 42 63 10 83 7A 73 E9 71 0B B6 57 37 B4 79 18 69 40 56 99 65 CF 69 E3 22 58 A5 6D 55 F8 70 23 05 00 00 00 00 00 00 1A 00 00 00 00 00 00 00 06 00 00 00 02 00 00 00 01 00 00 00 00 00 00 00 54 7B 85 0C 2D 3A EC 7B FF FF FF FF FF FF FF FF E9 71 0B B6 57 37 B4 79 00 00 00 00 00 00 00 00 00 00 00 00 00 00 00 00 3D 05 00 00 00 00 00 00 3C 00 00 00 00 00 00 00 07 00 00 00 00 00 00 00 FF FF FF FF FF FF FF FF 7E A2 42 63 10 83 7A 73 FF FF FF FF FF FF FF FF 18 69 40 56 99 65 CF 69 D9 D6 92 41 DA 6B F8 D2 0B 00 00 00 00 00 00 00 01 00 00 00 00 00 00 00 00 00 00 00 00 00 00 00 01 00 00 00 01 00 00 00 00 00 00 00 01 00 00 00 00 00 00 00 00 00 00 00 00 00 00 00 04 00 00 00 00 00 00 00 01 04 09 02 05 05 02 01 01 00 00 00 01 00 00 00 00 00 00 00 03 00 00 00 00 00 00 00 00 00 00 00 01 00 00 00 00 00 00 00 00 00 00 00 05 00 00 00 00 00 00 00 00 00 00 00 00 00 00 00 00 03 02 00 00 00 00 00 00 00 04 00 00 00 00 00 00 00 00 00 00 00 00 00 00 00 00 00 00 00 02 03 00 00

Replace:

00 00 00 00 87 02 00 00 08 00 00 00 00 00 00 00 00 22 00 80 A8 04 00 00 9B 01 00 00 9B 01 00 00 C3 01 00 00 53 02 00 00 73 02 00 00 09 00 00 00 FD 00 00 00 00 00 64 C1 00 00 00 00 00 00 00 00 00 00 00 00 00 00 00 00 00 00 00 3B 70 33 55 C5 1C 50 0A 52 A2 E3 34 12 EA 02 24 61 E2 68 85 8B 72 A0 A2 7A 3F 68 59 C1 9F 82 81 DB 39 2A 35 BA ED A8 A8 7A 1B E4 30 06 67 A4 A2 5F 83 C6 9D 38 6F FE A1 89 00 0A 00 0C 00 50 00 1F 00 14 00 04 00 1B 00 0D 00 38 2F 47 61 6D 65 2F 57 73 6C 74 2F 47 61 6D 65 2F 67 69 74 68 75 62 2F 47 61 6D 65 2F 43 68 61 72 61 63 74 65 72 73 2F 50 6C 61 79 65 72 2F 4D 61 6C 65 2F 4D 65 64 69 75 6D 2F 42 6F 64 69 65 73 2F 4D 5F 4D 45 44 5F 50 72 69 6D 65 2F 4D 65 73 68 65 73 2F 4D 5F 4D 45 44 5F 50 72 69 6D 65 5F 41 6E 69 6D 42 50 63 6F 6D 2F 43 6F 64 65 57 73 6C 74 2F 46 6F 72 74 6E 69 74 65 2D 48 65 78 2D 53 77 61 70 73 4D 5F 4D 45 44 5F 50 72 69 6D 65 5F 41 6E 69 6D 42 50 5F 43 57 73 6C 74 43 75 73 74 6F 6D 43 68 61 72 61 63 74 65 72 42 6F 64 79 50 61 72 74 44 61 74 61 43 72 65 61 74 65 64 42 79 57 73 6C 74 2F 47 61 6D 65 2F 41 74 68 65 6E 61 2F 48 65 72 6F 65 73 2F 4D 65 73 68 65 73 2F 42 6F 64 69 65 73 2F 43 50 5F 41 74 68 65 6E 61 5F 42 6F 64 79 5F 4D 5F 50 72 69 6D 65 00 00 00 00 00 00 00 00 54 7B 85 0C 2D 3A EC 7B 7E A2 42 63 10 83 7A 73 E9 71 0B B6 57 37 B4 79 18 69 40 56 99 65 CF 69 E3 22 58 A5 6D 55 F8 70 A8 04 00 00 00 00 00 00 1A 00 00 00 00 00 00 00 06 00 00 00 02 00 00 00 01 00 00 00 00 00 00 00 54 7B 85 0C 2D 3A EC 7B FF FF FF FF FF FF FF FF E9 71 0B B6 57 37 B4 79 00 00 00 00 00 00 00 00 00 00 00 00 00 00 00 00 C2 04 00 00 00 00 00 00 3C 00 00 00 00 00 00 00 07 00 00 00 00 00 00 00 FF FF FF FF FF FF FF FF 7E A2 42 63 10 83 7A 73 FF FF FF FF FF FF FF FF 18 69 40 56 99 65 CF 69 D9 D6 92 41 DA 6B F8 D2 0B 00 00 00 00 00 00 00 01 00 00 00 00 00 00 00 00 00 00 00 00 00 00 00 01 00 00 00 01 00 00 00 00 00 00 00 01 00 00 00 00 00 00 00 00 00 00 00 00 00 00 00 04 00 00 00 00 00 00 00 01 04 09 02 05 05 02 01 01 00 00 00 01 00 00 00 00 00 00 00 03 00 00 00 00 00 00 00 00 00 00 00 01 00 00 00 00 00 00 00 00 00 00 00 05 00 00 00 00 00 00 00 00 00 00 00 00 00 00 00 00 03 02 00 00 00 00 00 00 00 04 00 00 00 00 00 00 00 00 00 00 00 00 00 00 00 00 00 00 00 00 00 00 00 00 00 00 00 00 00 00 00 00 00 00 00 00 00 00 00 00 00 00 00 00 00 00 00 00 00 00 00 00 00 00 00 00 00 00 00 00 00 00 00 00 00 00 00 00 00 00 00 00 00 00 00 00 00 00 00 00 00 00 00 00 00 00 00 00 00 00 00 00 00 00 00 00 00 00 00 00 00 00 00 00 00 00 00 00 00 00 00 00 00 00 00 00 00 00 00 00 00 00 00 00 00 00 00 00 00 00 00 00 00 00 00 00 00 00

----------------------------------------

Search (pakchunk10-WindowsClient_s1.ucas):

8C 02 02 3C FA 00 00 00 00 99 03 00 00 0A 00 99 F9 22 00 80 BA 05 00 00 AD 02 94 0F 03 D5 02 00 00 65 03 00 00 85 03 00 00 0B 00 00 00 FB 01 29 00 02 64 C1 2F 00 FF 9F 3F 2D 8A 55 3E 7A F2 A1 47 C4 93 B7 35 63 9A 3B 70 33 55 C5 1C 50 0A 52 5F FB 99 95 37 FD E1 14 A2 E3 34 12 EA 02 24 61 E2 68 85 8B 72 A0 A2 7A 83 53 10 DE 6F FC 57 2D 3F 68 59 C1 9F 82 81 DB 39 2A 35 BA ED A8 A8 7A 75 87 E8 4E A0 53 E4 95 81 42 AA 8C 16 D2 58 1A 00 40 00 49 00 50 00 6B 00 0B 00 14 00 14 00 17 00 1B 00 18 00 3A 2F 47 61 6D 65 2F 43 68 61 72 61 63 74 65 72 73 2F 50 6C 61 79 65 72 2F 4D 61 6C 65 2F 4D 65 64 69 75 6D 2F 42 61 73 65 2F 53 4B 5F 4D 5F 4D 41 4C 45 5F 42 61 73 65 5F 53 6B 65 6C 65 74 6F 6E 12 40 00 0F 01 6F 64 69 65 73 2F 4D 5F 4D 45 44 5F 50 72 69 6D 1A 00 B2 73 68 13 00 F0 35 49 00 F7 5F 41 6E 69 6D 42 50 24 50 00 94 53 6B 69 6E 98 00 BD 5F 42 4C 4B 2F 4D 61 74 65 72 69 61 6C 1A 00 03 6F 64 79 1F 00 70 14 00 80 39 00 20 88 00 F2 5F 43 01 33 00 F0 04 4E 01 56 43 75 73 74 6F 6D 4E 01 00 2E 00 2F 02 50 61 72 74 44 61 74 61 43 50 5F 41 74 68 65 6E 61 44 00 31 4D 51 00 21 47 C1 01 20 1B 00 05 2F 48 65 72 6F 57 01 20 15 01 30 DF 00 F0 05 3A 00 40 9C 02 0F 19 54 7B 85 0C 2D 3A EC 7B 7E A2 42 63 10 83 7A 73 E9 71 0B B6 57 37 B4 79 18 69 40 56 99 65 CF 69 E3 22 58 A5 6D 55 F8 70 C1 02 00 D0 02 31 1A 39 00 39 08 00 00 00 02 00 00 00 01 10 00 40 48 00 F1 FF 99 40 48 00 F1 00 D9 31 D4 48 00 31 62 18 00 31 09 08 00 40 38 00 40 88 00 40 10 00 40 88 00 39 00 47 1F 9B 74 D3 18 8E 0B 38 00 40 78 00 71 00 10 00 71 01 0C 00 F0 C1 41 04 18 00 8E 04 09 02 05 04 81 02 01 02 05 03 01 02 01 33 00 71 04 30 00 80 3F 00 B1 07 18 00 34 80 05 01 03 13 00 B1 06 1B 00 10 0F 00 32 03 02

Replace:

8C 02 02 2A FA 00 00 00 00 C8 02 00 00 0A 00 99 F9 22 00 80 E9 04 00 00 DC 01 94 0F 03 04 02 00 00 94 02 00 00 B4 02 00 00 0B 00 00 00 2A 01 29 00 F3 64 C1 00 F1 2F 5A 3B 70 33 55 C5 1C 50 0A 52 5F FB 99 95 37 FD E1 14 A2 E3 34 12 EA 02 24 61 E2 68 85 8B 72 A0 A2 7A 83 53 10 DE 6F FC 57 2D 3F 68 59 C1 9F 82 81 DB 39 2A 35 BA ED A8 A8 7A 75 87 E8 4E A0 53 E4 95 81 42 AA 8C 16 D2 58 1A 00 0A 00 0C 00 50 00 0C 00 1F 00 14 00 1F 00 04 00 1B 00 0D 00 3A 2F 47 61 6D 65 2F 57 73 6C 74 0A 00 26 67 69 74 68 75 62 0C 00 0F 20 43 68 61 72 61 63 74 65 72 73 2F 50 6C 61 79 65 72 2F 4D 61 6C 65 2F 4D 65 64 69 75 6D 2F 42 6F 64 69 65 73 2F 4D 5F 4D 45 44 5F 50 72 69 6D 1A 00 A2 73 68 13 00 87 5F 41 6E 69 6D 42 50 5C 00 18 63 6F 6D 2F 43 6F 64 65 74 00 EF 03 46 6F 72 74 6E 69 74 65 2D 48 65 78 2D 53 77 61 70 73 3D 00 F2 5F 43 0C 33 00 00 4A 00 56 43 75 73 74 6F 6D B2 00 6F 06 42 6F 64 79 50 61 72 74 44 61 74 61 43 72 65 61 74 65 64 42 79 E6 00 0B 41 74 68 65 6E 61 2F 48 65 72 6F B0 00 20 B7 00 30 D1 00 23 43 50 5F 1F 00 37 5F 42 6F 64 79 5F 4D 8C 00 41 47 CB 01 0F 19 54 7B 85 0C 2D 3A EC 7B 7E A2 42 63 10 83 7A 73 E9 71 0B B6 57 37 B4 79 18 69 40 56 99 65 CF 69 E3 22 58 A5 6D 55 F8 70 F0 01 00 FF 01 31 1A 39 00 39 08 00 00 00 02 00 00 00 01 10 00 40 48 00 F1 FF 99 40 48 00 F1 00 D9 22 03 05 12 00 31 62 38 00 31 09 08 00 40 38 00 40 88 00 40 10 00 40 88 00 39 00 47 1F 9B 74 D3 18 8E 0B 30 00 40 78 00 71 00 10 00 71 01 0C 00 F0 C1 30 BB 00 7F 02 00 01 04 09 02 05 04 81 02 01 02 05 03 01 02 01 01 2B 00 40 23 00 71 00 14 00 00 0C 00 F2 07 00 B1 00 2C 00 34 80 05 01 03 13 00 61 06 1A 00 50 47 00 33 00 03 02 16 00 71 05 1E 00 F0 7F 0B 00 3A 09 00 00 00 00 00 00 00 00 00

----------------------------------------

Search (pakchunk20-WindowsClient.ucas):

8C 0A 00 20 79 88 20 77 00 00 00 00 58 3C 00 00 00 15 20 3B 01 00 00 00 22 00 80 09 45 E3 39 00 00 4B 3A 43 3B 8B 3B 9B 3C 01 47 2D 00 00 64 C1 00 00 CA B6 9A DC 81 46 B1 7F 67 36 62 2F 3B 71 A3 83 E0 71 5C 84 4E 5A 07 F2 0D B7 75 93 8E 8B 51 A8 85 4C 3A 97 DC 8C 3F 92 F9 4F 9C 58 E7 7B 47 6C 1C 24 91 B7 70 BD 15 8A CA 6E 07 38 E4 D3 9A D8 B7 7B 34 E7 F2 77 32 39 86 9F E1 22 A8 71 0E 55 2D 1C 3C EE CA C8 E0 7D 2D 0B 30 19 32 E4 D4 77 C5 FD A5 CF E0 D7 15 C3 A8 69 34 20 37 9C 39 9B 38 7A 96 77 A8 EA 01 56 E4 D5 67 61 9E 0A F8 CB 42 5C EB FF E2 8C 0A 62 5A 90 7E 91 80 E9 E0 9A E1 17 D7 B4 68 ED 1E 9F CA 67 BA 6F 70 A7 38 4A 60 2E A0 4F 97 7A B5 DE D2 CD 5C 63 1B 8B F0 ED B5 89 DE 7D 3E F6 7D 79 5D 01 44 AB 90 06 63 7A D0 C5 71 78 6D 4A 01 A1 FE 11 72 3F 16 6C 7C 94 5C AA 7D B4 0F D4 C5 90 39 FA DB 8A 12 94 9E F8 D4 84 7C C6 01 C5 6D 7F AC DB 35 D2 3B D8 C5 23 B7 8B 0A 6C 1D 6E B8 56 8A 64 05 A8 6D A3 55 EB 80 F1 96 F0 47 FA C1 B9 80 46 88 6D 13 EE 5D BC 75 3C B9 CE B2 8A 70 84 D5 61 86 AA C3 A0 DA 6B AB E1 3D B1 75 ED DF 8A C7 76 3E 4D BF 73 3E BC F8 80 66 0F 3C 8C B2 A8 FE 8B 23 19 3F 3D 8E F4 81 1A F9 96 0D 60 10 42 D1 1F 76 AA 4F 84 50 52 0B FE 37 6C 6D 03 C8 41 7E 4A E9 D8 C8 FD A3 EB 7C DE 13 C2 E3 CB D1 42 0D A5 E4 AC 51 4F C9 8E F4 CD D6 6F EA 52 78 86 B5 3B D0 02 37 EE B0 45 F5 54 00 A9 44 3A 4B F2 DC C5 47 87 74 77 A2 77 EC 8C 46 B5 16 C8 C7 4D 8B C6 A3 A6 FA B6 97 C8 B0 13 E3 81 53 B3 9C E2 87 06 A1 FF 4B 80 04 92 74 DD 82 39 5E 32 A6 C0 37 24 65 B6 6F 8A C0 7C 41 1D D0 00 6F D4 77 50 2D 8B FD 8D BE D1 DE 04 29 71 3B 5B 45 7B 54 7F 5E BE 1C AB 00 6B 04 18 D5 C1 3A 1D DD E9 17 18 53 B8 21 03 F2 FD 47 8F AD 6B FD F4 11 2F 69 A8 08 BC 8D 43 44 F3 DC 4A 5C 5D 2D 6E B0 40 26 AC 81 93 CF 86 44 BF 15 F3 E3 BE 5B B0 31 C3 EF 53 AB 3F DB 21 F3 E8 65 87 CE 91 45 FB 99 96 1D 29 B9 29 E3 65 AB 00 D8 4C D2 00 91 51 55 55 02 C5 9F 09 2B 31 14 86 2F 4B 83 54 00 07 97 C0 02 5B C5 0D D7 F3 5F 44 59 05 18 5F C7 F3 53 BA 0A 56 5A A9 56 E8 9E 43 AA C9 21 04 AF 1D 87 3E F8 AF 79 27 3E 5A 60 A8 54 F6 17 86 CC 9F D3 F2 1C 6C 7D 81 0C 2D 98 7E EF 2A C8 F5 10 0C 93 AC 58 F4 85 FB 3B A2 76 DF EE 35 F5 F9 68 1D 4E E3 37 11 37 73 31 DA B7 E8 49 7D 0A 10 69 90 02 69 C3 97 42 DE 7D C0 64 E5 EC F3 CA 2B BE BF FC 8D 32 3D 21 10 25 86 B6 B0 5D F3 FA 2B D8 54 A7 F6 BF E8 F8 16 C0 2E FD 30 62 C8 DF E1 8C 7A FE E6 10 E0 2E A5 81 BC A2 46 2D 68 4D D6 6A 96 22 C8 B1 1F 9E 20 D3 0A 2A 75 1A 93 7B F4 9E 6E E1 9D 21 F2 E7 63 A1 D3 52 A1 81 0D 17 EB 40 E9 F1 BF 9F 0E 8F 27 87 73 26 D3 4D FF C0 9F 4A 6E 83 50 DF 8E EC B9 FE 42 15 00 BC C9 F3 23 E7 4E B1 7D 71 2C A3 8E 8A D5 25 24 4C 99 B8 7A C7 FF 63 58 AA D6 E1 99 EB C4 4C DC 0B 38 97 CC 11 BB 14 D4 F0 34 C6 F6 99 DE 9F 47 B0 94 62 B8 5C 4F 0F 85 E5 86 E6 4A 8E 60 D6 EC 1F 00 FD 11 E3 9B CC 84 63 87 9D B0 25 7D C5 B9 A5 F7 CF DF 71 F8 51 17 74 5A F5 65 26 BA 48 31 F6 A9 9B 46 BA 20 F2 65 E7 91 39 18 4D 06 5C D9 38 07 F1 76 45 08 6C 8D 4D A6 DC 94 48 4F D9 6A B9 BD AD 73 1F 40 B9 0F 26 C3 BA 0A 13 CF B8 F9 92 64 D9 32 B2 50 FC EA 6F E9 2E 96 47 8E E9 FA 76 4F B2 FD 46 9D 25 99 D9 80 CD 3C 90 2F 6A FE B9 9E 9B 5E 2D B9 01 02 4F B7 06 C2 1F 4A 97 96 69 4D 63 3E 3C A4 00 76 56 E5 76 D1 EC 97 AC 9A 34 2D 1A 75 3D 24 6A 9C EC C0 B7 BF 8C E9 CF B2 C8 27 B1 00 BE 07 7E 4D 7A 49 63 62 F0 DA 01 6D 45 28 01 E2 C5 0B 8C 8F 05 72 2D 80 A5 7E 14 23 C6 EE B5 0F 0F 5C 78 D6 D9 30 1C 8F 16 71 9A C6 EB 7F EA A9 CD A7 83 9E B6 62 62 B2 EF C7 86 0E 22 53 60 EB C8 E4 FB DA C0 36 8F E3 B1 CA 2C 58 4A E0 C5 96 20 EF D0 27 24 90 8E CD 2D 84 36 BB 8A C4 85 63 59 A0 FA 96 D9 EC A8 61 B2 32 30 2C 41 07 74 6B 57 EF 91 7F 73 D2 BD 86 F1 F6 85 E0 65 DA B9 DB 09 81 BF B3 AA BC 8C 14 50 73 C5 7F 61 14 11 46 88 8B CE 57 D1 28 5A D0 8B 1A 5A B1 23 E0 DC B7 76 D1 C8 89 56 A9 C5 00 C1 98 67 52 22 29 51 7E E0 A8 1C 2E 65 3D 07 FD 49 72 46 27 54 A2 7F 66 53 B2 DB FB 31 A6 F3 09 A2 5D D6 3C 7B AF B7 7F E8 26 A7 6A BA DD F9 A9 33 EB D7 B7 F8 E9 86 7C 84 9E 19 25 68 F1 BF B7 E9 70 A6 8D 1B F3 EB 21 40 A8 BA 52 B5 91 FF 91 AF 89 21 71 F5 7F D7 45 3A BD FC 7F 43 7D 8B 93 DB C0 46 B9 C3 20 09 E8 46 4F F9 78 C3 09 95 31 4D 59 7C 88 98 15 98 12 BB F6 AD B3 B5 75 DB A1 3C 8F 48 EA A5 0D 41 CF A1 28 57 B9 5E D4 06 6E 3F 1B A0 05 DC D2 07 49 99 52 60 8F 1C B7 99 82 A6 2A EB 84 B0 88 60 3A DC FF D1 BA 67 D0 53 9D 95 F6 DB AD 81 8C F2 7D 67 BC B8 18 A3 26 9A 51 8F FB A1 F3 65 09 0E 65 D1 90 55 5E EB C5 C4 E0 84 4A 6B A7 30 F1 A8 B3 A9 8C 67 0C 8F 81 D1 E0 08 75 84 0B 13 6E 25 22 9A 0D 7E 9D 14 CE B9 C7 AF 01 74 7E 4C 91 A0 0E E2 75 EE 9F 8D 4C 17 E9 13 19 B6 6B 8C AA 31 20 D8 A0 9B 98 EF 63 1A 3D 27 C1 42 0E 51 42 5C FD E1 94 69 37 AE CD 1F FF AD 5C F9 0E B1 B5 48 38 AA AD B2 FF C4 1E FF F5 FA 98 D6 03 89 FB A5 13 E0 E8 F2 99 AF 04 59 58 7B 7B 16 F0 54 B5 6B F7 BD 01 30 40 12 D5 86 BE C8 BF 5F 30 08 78 E6 1B A9 B8 68 51 65 EE D5 C7 44 F4 6D 3A 02 A0 85 57 79 16 D0 1B DA A5 0A 38 67 0B B0 C2 F1 29 16 63 1A 0D D4 4A 03 0B DD C1 BC 05 D5 53 2F 31 35 96 E3 44 51 B0 A3 4E E4 F6 28 2E 4A 56 39 14 17 A7 A3 FC DA 78 7C CB FD DB 82 49 0C 37 81 56 51 EE 99 AC A2 A9 0C 66 98 C0 0D 03 AC 70 90 F1 57 3D A6 CF 8A 8D 68 0B 00 5D CC 00 72 4D FD F6 5D 7F 12 23 E4 F5 BE 99 4E 19 7A 9D F1 11 0F 6E 3B E9 D0 6B F0 53 01 0D 23 43 42 53 C1 91 64 22 DF 6F 69 6C 93 FF C0 BE D2 D2 23 8C B4 14 E4 1A 32 52 53 00 E1 0B 76 CB 7D 90 9B 67 2A D0 42 14 55 17 85 6A 35 DC 7C 8C 73 97 8C 44 CD 91 1A 6B 15 5F A8 8E 62 6D 42 EA D7 99 7E 50 6B CB EE 24 86 AB 29 C6 9B F2 D9 E0 40 5E B3 E5 62 88 AB 46 34 5D FE 39 49 39 DD 56 B8 2E E4 72 90 D7 39 14 66 47 F9 3F 84 B3 49 88 6E 3D 6C BB 1E 6F 70 91 CC 5E 91 C5 5F DC 7A 80 C9 93 E0 04 51 2E AA 96 33 59 E0 6B BE C5 56 09 1C 08 16 47 81 DD 65 C4 E2 32 A4 E5 A4 6D CB 88 EE 0E 6E 0E 34 BD 0E D0 56 CB 32 3F D3 98 88 61 22 3A 25 85 38 CF 30 43 C7 FE D3 4F B8 BE 45 7E BB D6 F5 9C 26 E8 4E 92 C2 84 10 31 FF EE B4 63 DE 2D B0 EF FF 04 67 47 8E 1E 05 5E 29 F8 67 44 37 1B A7 67 7F FE 1A F4 05 B4 6A 0D EE 34 B5 9F 17 E7 48 8B EF AE 57 92 43 7A 6E D9 43 CF DE 24 5F E1 90 7C 79 A0 9D D6 1E 2E EA 44 89 78 50 F0 4A 61 A1 F9 4B 96 45 35 5B 75 BD 1F 1E 65 C4 4F C2 AC 6A 54 58 31 3F 4A 92 FA CB A5 15 3B 8A D0 AF BE 07 AD B6 29 0B AB 25 DB 1F FA 3D 44 65 9E 76 14 57 89 F4 CA E5 AF 6E 68 F4 AD A4 C1 FE C9 1D 29 B2 29 34 CA 3D BE 16 69 48 43 A6 52 E8 8D D5 A0 04 E8 18 C2 4D 4F C8 52 68 07 19 30 F0 41 B5 0F B7 13 F0 0A B9 95 AE 12 15 95 12 C1 AE 32 27 DE CB 6A 36 BB 46 05 E5 81 D3 C7 68 DF 16 70 72 3F 90 FD E6 A5 F8 A7 04 77 28 27 B1 01 AC 2C 44 7D 44 5C 18 47 63 9B CB 24 BE 45 01 EE 29 29 A3 18 B1 01 51 FE 1A 01 81 69 B2 DE E9 76 50 C6 E2 D1 90 8D 77 AD 13 47 F2 D5 A6 01 28 A2 FA 9F 59 72 29 A9 7C 65 4D F7 3C 48 6B 3C 1E 7B 7E A2 96 51 68 B9 25 25 82 06 C1 EB 51 EA A6 7F 2A A6 12 31 92 40 D3 77 73 53 9D B6 29 97 D6 A8 4A 63 2D B9 00 77 6A A2 03 38 53 7A 49 24 36 01 5D 62 EC CE D8 31 C6 7E 99 C5 AE 9D 21 87 A2 A8 6F FE 4A BC AF AD 83 42 CA FD 9F AB 4B 3D 2D DE 58 99 11 44 84 FB ED 72 ED CB D5 48 90 49 5A E5 BD 15 CA 98 5A C5 F8 A0 91 66 DA 1F CF D2 11 3A BE C3 35 BD D6 0B 83 FB 29 61 01 52 E1 E1 B9 D0 BC 6D 10 59 97 E0 D6 1E 44 5B 6B AE 78 32 2B 58 39 E8 95 13 3B 35 67 5F 0E 6A 72 B5 54 ED F5 DC 52 D3 23 C2 ED 6A 23 40 8D EE 28 BC 1E A3 08 A7 5C F8 A6 17 15 18 6F 55 3E 4A 5B 03 37 F0 3E 35 2C A4 72 3D C6 19 D0 95 D3 56 88 01 E3 41 15 5D C7 C0 11 DB 6B 91 42 7D 92 26 3D 12 1A AB 7C 98 80 F0 09 FD F6 C2 68 91 28 EF 9D 23 AB 57 6F 84 64 76 6F 76 D0 38 52 42 4C DA 16 44 77 37 0A C4 EE 7C 32 8D 38 68 80 EF 5A 99 79 1D E7 84 FA 26 C3 06 1A C2 C8 C7 29 03 C8 72 12 E5 25 75 B5 50 CC 4C 6A BC 0E D3 77 83 9E 83 47 CF 0C AC 4A 83 DB F4 D7 40 90 A6 6F AB E4 78 06 E6 80 B3 80 CA 25 94 69 86 A5 F7 FF 6B CA 82 9A 9E F9 3F 73 07 DD EC 21 A0 15 AF 70 39 86 2D 4E B8 5D C7 16 39 6A F5 D3 31 75 78 6F CB E5 24 12 2F 5F F3 38 F7 5A 3C 67 DF 7A 5C 71 FA 47 08 00 28 00 37 00 2E 00 28 00 6E 00 75 00 53 00 75 00 53 00 61 00 55 00 5A 00 5A 00 6A 00 61 00 53 00 5D 00 67 00 5A 00 61 00 52 00 77 00 52 00 57 00 58 00 57 00 58 00 43 00 33 00 39 00 40 00 35 00 35 43 00 3B 00 37 3B 00 3B 00 43 00 31 32 00 34 00 32 00 32 32 00 37 00 38 00 34 34 00 23 00 1C 00 1A 22 4B 00 47 00 4C 00 41 3E 00 44 00 48 00 46 44 00 44 00 47 00 47 45 00 43 33 00 38 00 38 00 31 4D 00 14 00 2D 00 0E 0F 00 1F 00 17 00 17 1A 00 1F 00 1B 00 19 21 00 17 00 1D 00 15 0E 00 0C 00 14 00 13 16 00 13 00 11 00 1E 11 00 13 00 10 00 0D 0E 00 14 00 11 00 0F 14 00 0D 00 1C 15 00 14 00 1E 00 1C 12 00 14 00 18 00 18 15 00 12 00 15 00 17 1B 17 00 0A 00 13 00 22 19 00 19 00 1F 00 22 1F 00 21 00 20 00 28 2C 00 24 00 21 00 1F 1F 00 23 1F 00 25 00 25 00 26 1F 2A 00 1E 00 22 00 22 22 00 2A 00 2A 00 25 21 00 25 00 24 00 23 23 25 00 1F 00 24 00 27 28 00 23 00 1E 21 00 1E 00 26 00 20 29 00 29 00 29 00 29 21 23 00 23 0A 00 17 00 1E 00 1A 1D 00 20 00 25 00 27 1C 00 1B 00 18 00 16 1B 00 20 00 21 00 1B 17 19 00 17 00 26 1A 2D 00 30 00 14 00 0E 1C 00 0E 00 23 00 26 17 00 27 00 13 21 17 00 18 00 19 13 0D 00 13 00 1B 00 1F 0F 00 0F 00 0F 00 0F 0E 0E 00 0E 0E 23 13 00 19 00 15 00 16 0B 00 13 00 10 19 00 0A 00 1D 14 00 14 24 00 0F 0B 00 0D 00 18 26 2F 47 61 6D 65 2F 41 62 69 6C 69 74 69 65 73 2F 45 6D 6F 74 65 73 2F 47 41 42 5F 5F 47 65 6E 65 72 69 63 5F 54 72 61 6E 73 66 6F 72 6D 61 6F 6E 2F 50 6C 61 79 65 72 50 61 77 6E 73 2F 4D 65 6E 75 53 63 72 65 6E 5F 41 74 68 65 61 2F 53 70 72 61 79 6E 69 4D 61 69 6E 43 6F 6D 62 61 74 2F 4D 65 6C 65 65 2F 43 79 62 65 72 41 72 6D 6F 72 46 65 6D 61 6C 5F 50 69 63 6B 61 78 65 5F 48 61 72 76 65 73 74 69 6E 67 5F 6F 5F 43 4D 5F 4D 31 44 75 61 6C 57 69 65 6C 64 2F 41 6E 63 69 65 6E 74 47 6C 61 64 69 61 74 6F 72 5F 4D 43 6C 61 77 2F 43 6C 61 77 45 6D 62 65 72 62 65 72 73 46 69 73 74 73 2F 46 69 73 74 73 4B 6E 69 67 68 74 43 61 74 4E 69 74 72 6F 46 6C 6F 77 4F 72 64 65 72 47 75 61 72 64 2F 73 47 61 6C 69 6C 65 6F 5F 46 65 72 72 79 6F 6E 74 61 67 65 4F 6E 65 48 61 6E 64 65 64 2F 42 52 5F 73 77 6F 72 36 30 46 5F 4D 43 41 53 2F 43 41 53 45 74 68 65 72 65 61 6C 46 46 72 75 69 74 43 6B 65 73 79 74 68 65 2F 53 79 74 68 65 5F 54 77 6F 4C 61 6E 63 65 2F 4C 61 6E 63 4E 61 72 72 6F 77 47 72 69 70 2F 55 70 70 65 72 42 6F 64 79 2F 42 61 73 65 42 61 6C 6C 5F 42 61 74 62 42 53 74 61 66 66 2F 53 74 61 66 66 73 2F 46 72 6F 6E 74 65 6E 64 41 2F 32 68 61 6E 64 45 5F 5F 49 64 6C 65 53 77 69 6E 67 43 6F 73 6D 65 74 69 63 73 2F 43 68 61 72 61 63 74 65 72 50 61 72 74 73 2F 42 5F 50 72 65 76 69 65 77 44 69 73 70 6C 61 79 6D 6D 50 57 65 61 70 6F 6E 6F 6E 74 72 61 69 6C 53 6B 79 44 69 76 65 53 6B 79 64 69 76 65 5F 6D 69 78 5F 46 4D 49 74 65 6D 57 72 61 70 4C 6F 61 64 69 6E 67 4D 75 73 69 63 50 61 63 6B 73 2F 42 48 65 72 6F 65 73 68 6F 64 43 50 5F 5F 46 5F 46 61 6C 6C 62 61 63 6B 4D 6D 61 6E 64 6F 5F 46 5F 49 6E 6E 6F 76 73 42 61 63 6B 70 49 44 5F 52 6D 73 2F 43 54 72 61 69 6C 73 44 61 6E 63 49 44 5F 4D 6F 76 65 73 47 6C 69 64 65 72 5F 57 72 61 70 4C 53 44 65 66 61 75 6C 74 42 61 6E 6E 65 72 73 43 6F 6C 6F 72 43 61 74 65 67 6F 72 4D 61 70 49 63 6F 6E 4E 6F 46 65 41 63 63 65 73 6F 72 46 5F 4D 45 44 5F 50 6F 6E 79 74 61 69 6C 4D 65 64 69 75 6D 2F 48 65 61 64 4D 48 65 61 64 45 6D 70 74 79 41 76 67 5F 5F 5F 50 68 79 73 41 73 65 74 45 6E 76 69 72 6F 6E 6D 65 6E 74 2F 42 6C 75 65 70 72 69 6E 74 74 74 6C 65 50 61 73 73 43 75 72 72 65 6E 63 79 49 49 4F 6E 49 49 54 6F 47 6C 6F 62 61 6C 2F 54 65 78 74 75 72 2F 42 6C 61 6E 6B 73 70 61 72 65 6E 31 78 31 55 49 2F 46 6F 75 6E 64 49 6E 70 75 74 41 63 44 61 74 61 54 61 62 6C 65 63 2D 2D 2D 31 32 38 73 2F 46 4F 52 54 5F 42 61 73 69 63 5F 4D 61 72 6B 5F 49 49 49 44 5F 53 63 72 69 70 74 2F 46 6F 72 74 69 74 65 5F 43 5F 43 5F 43 30 30 33 5F 52 65 64 34 5F 42 6C 61 63 6B 33 31 5F 44 69 6E 6F 73 61 75 72 34 33 5F 50 7A 7A 61 35 31 5F 4D 65 72 6D 6E 33 5F 4A 61 69 6C 62 69 72 64 35 5F 50 53 42 75 72 6E 6F 75 35 37 5F 56 73 69 74 6F 72 38 44 61 72 6B 45 61 67 36 43 61 72 62 69 64 65 37 36 5F 53 68 61 72 38 30 74 72 65 65 74 52 61 63 62 72 61 38 31 5F 53 63 75 62 32 46 65 6D 33 4C 69 66 65 67 75 61 38 37 5F 45 78 65 72 63 69 73 65 39 57 68 69 74 65 39 30 5F 39 33 48 69 70 70 69 34 35 5F 52 61 76 6E 51 75 69 6C 6C 31 30 37 5F 47 61 72 61 67 65 42 61 6E 64 31 39 5F 56 6D 70 69 72 65 32 33 5F 44 4A 34 5F 53 63 61 72 65 63 72 6F 77 4D 35 34 36 5F 6C 4A 61 63 6B 65 74 73 37 4C 69 6C 4B 65 76 36 33 5F 49 63 65 69 6E 67 38 36 5F 47 69 6E 67 65 72 62 72 65 61 43 39 31 30 33 31 5F 52 65 74 72 6F 35 65 76 61 6C 39 46 5F 44 69 73 63 34 33 53 74 65 61 6C 74 68 34 63 69 50 6F 70 36 48 6F 6C 69 64 61 79 53 77 65 61 74 65 72 38 35 31 4D 45 6C 66 36 6B 69 47 69 72 37 32 4D 5F 53 63 6F 75 74 37 38 61 76 65 34 41 73 73 61 73 73 69 6E 39 52 69 64 39 35 31 30 42 75 6E 6E 79 37 50 61 6A 61 6D 61 31 35 4D 75 65 36 61 63 6B 39 46 6E 64 32 32 4D 65 74 61 6C 33 46 54 61 63 74 63 61 6C 57 6F 6F 64 6C 61 6E 64 39 44 65 31 57 61 72 70 61 69 6E 74 34 35 46 36 4D 42 61 73 6B 65 74 37 46 35 30 6F 63 63 65 72 47 75 6D 73 68 6F 65 39 44 61 72 36 35 4D 56 69 6B 69 6E 67 36 46 37 4D 5F 39 31 38 39 46 5F 42 6C 75 65 53 61 6D 75 72 61 69 32 30 36 42 6C 32 32 39 42 6F 34 35 75 72 72 62 75 72 67 50 6A 73 35 48 61 6C 6C 6F 77 65 65 6E 32 37 75 73 68 43 68 65 66 38 59 65 74 38 4E 65 38 4D 39 37 4D 61 33 31 65 72 69 79 61 6B 69 46 69 73 32 38 46 6E 6E 69 73 35 32 53 68 69 35 35 36 52 65 62 69 72 74 68 41 37 42 38 43 39 44 36 30 4D 41 31 42 32 43 33 41 5F 32 37 32 72 69 6D 65 33 5F 42 34 43 35 44 36 45 37 46 38 47 39 4D 38 30 4D 38 31 43 32 44 33 45 34 46 35 47 2E 2E 42 70 69 6E 41 70 70 6C 65 53 6F 75 72 53 69 6E 67 6C 65 44 6F 6E 75 74 50 6C 61 74 46 61 6E 6C 61 69 6C 48 6F 77 65 72 54 61 70 61 73 57 61 73 61 62 69 53 65 61 53 61 6C 53 74 61 66 66 55 73 65 72 46 61 63 69 6E 67 46 6C 61 67 73 2E 42 75 69 6C 74 49 6E 5F 43 2E 76 54 72 69 67 67 65 2E 52 65 6D 6F 76 65 44 69 73 67 75 69 65 2E 73 2E 4E 50 43 2E 53 6C 6F 6E 65 54 6D 46 6F 72 53 74 61 74 4F 62 6A 65 63 74 5F 53 65 61 73 6F 6E 57 69 6E 73 43 5F 43 43 75 65 2E 43 72 61 74 69 76 65 2E 50 6F 73 73 65 73 73 50 72 6F 70 47 72 61 6E 74 65 64 2E 44 69 73 68 46 52 65 6D 6F 4C 74 48 69 64 65 20 45 6C 65 20 30 31 32 33 34 35 36 37 38 39 31 30 32 33 34 35 36 37 38 39 73 4F 6E 6C 79 43 6F 6E 73 52 65 64 43 68 6C 48 54 5F 43 72 75 6E 63 68 56 65 72 74 5F 43 5F 43 4D 53 5F 43 54 6F 5F 43 6C 00 CC 96 98 D4 47 82 3B 96 5E 65 28 3C 21 CE 7D 8B F2 B0 A2 62 C4 0B 2E 44 64 09 3C 4B 5E C2 10 22 21 B0 42 CF 94 88 49 90 62 56 99 E1 05 DC D9 14 13 7E BD BC 55 A5 9E 14 E2 20 33 9A 39 E9 0E 92 FB FF 9C 0E 04 F5 7A EB 06 47 09 76 9C 91 2E 5D 8D DD 11 29 F5 8E 73 23 EA F1 7F 30 46 96 6D CB F7 92 51 62 93 D9 A3 5F 80 04 80 02 00 00 00 07 80 03 00 06 80 04 00 08 80 05 00 0C 80 B5 EA C0 A1 E4 12 9C 54 06 00 0B 00 00 80 07 00 00 00 01 00 00 80 08 00 00 00 05 00 00 80 09 00 00 00 03 00 00 80 0A 00 00 00 09 00 00 80 0B 00 00 00 02 00 00 80 0C 00 00 00 0A 51 E2 BB CC 04 08 76 FF FF FF FF FF FF FF FF E3 22 58 A5 6D 55 F8 70 0D FC B9 34 75 AE 70 78 3C CB 8A 60 E2 D4 31 70 09 45 93 13 3A 01 65 DE BD 2D 5F 46 F7 DE 0B 01 02 08 0C 0A 01 09 03 02 04 0B 0D 07 05 0E 01 0C 02 50 01 02 01 12 02 0C 01 02 02 01 02 01 07 01 03 03 04 01 04 01 03 01 00 03 F7 05 01 01 00 20 20 41 4E 59 28 20 20 29 00 38 2B 27 E8 00 05 00 03 FA 3B EA 00 28 E9 F9 03 3A ED 29 EB 39 EC F4 FF FF FF 37 00 5F 00 00 00 00 36 5E 34 5C 35 5D 15 0D 01 0F 10 11 12 13 14 15 17 16 06 18 19 1A 1B 1C 1D 1E 1F 20 00 21 32 00 F2 00 4D F1 4C 63 2D F4 08 2A 84 00 2B D1 2E 07 01 30 26 31 28 33 2D 2C 36 2F 38 FE FD FF FF FF FC FF FF FF FA FB 1E 51 BF 00 C0 C1 C2 87 89 88 A2 B4 B8 94 AB 9A 9B 97 A4 95 A0 8A 90 92 AF A9 A8 A7 A1 9F 96 9D B6 00 BB BC BD BE 8D 8E A6 A3 9E A5 9C B0 AA 93 B7 B9 B3 AE 91 B5 B1 BA 8B 8C 8F 98 AC AD B2 99 50 66 67 74 6B 68 78 69 83 81 77 76 79 7A 6E 6A 6C 72 73 75 6D 7E 7D 7C 7B 71 6F 70 82 80 7F F6 FF FF FF F5 FF FF FF 4A D3 42 22 21 54 00 22 55 48 39 23 56 43 25 26 5A 46 31 24 57 44 29 1E 59 00 20 30 01 1F 2F 17 FF 18 00 19 FD 1A FE 00 41 08 01 1B 52 00 1C 53 00 1D 5B 00 25 58 45 2E 3E 60 40 EE 3F 65 00 47 35 01 02 27 01 F3 FF FF FF F7 FF FF FF 49 37 4B F2 FF FF FF 0E C3 C4 C5 C6 C7 C8 C9 CA CB CC CD CE CF D0 F8 FF FF FF 00 FA 43 00 03 13 DA 08 F3 DE 0E 01 D9 11 F8 00 D6 10 86 E5 0A FB E1 06 D2 E0 13 33 01 D4 0F 85 00 DB 09 F5 DF 05 4F D5 15 64 E6 16 32 01 E2 0B 23 E4 0D 2C E3 14 24 DD 12 01 D8 04 F0 00 D7 07 EF DC 0C 2A 01 09 80 0B 09 02 03 E7 F6 01 01 02 00 01 57 2C 20 20 29 00 80 0B 09 0A 01 02 28 4C 4C 47 20 29 01 0C 01 2D 09 C0 06 01 29 61 00 3F 3D 00 62 00 3C 61 4E FC 00 00 00 00 00 00 00 00 00 00 00 00 00 00 00 00 06 8B 92 92 96 96 92 92 99 92 92 96 00 28 9D 8F 8F 8F 8F 99 8F 8F 8F 2B 8F 8F 8F 8F 8F 8F 9F 8F 9F 2D 8F 8F 8F 29 8F 8F 8F 8F 3B 8F A9 8F 8F 8F 29 8F 9D 9F 4F 29 23 78 8F 8F 2F 8F 99 2D 21 28 8F 8F 2D 29 2D 29 2F 5F 99 9B C9 99 8F 9D 2D 2B 3B 8D 87 87 87 2F 87 79 F8 D0 87 94 7A 8F 87 8E 8F 7A 35 28 78 62 3C 87 87 87 7F 98 87 87 26 8B 7C F8 F8 87 87 87 7D 90 49 78 98 79 F8 F8 D0 87 7A F0 F0 F8 F8 78 F0 A8 78 F8 F8 F8 F8 C8 78 F8 F8 F8 F8 C0 25 7C F8 F8 F8 F8 C8 87 7C F8 F8 F8 F0 87 52 58 28 78 F8 F8 D0 87 52 78 F8 F8 F8 D8 87 2C 20 51 78 F8 F8 F8 A8 87 76 78 A0 7E F8 F8 87 87 23 28 38 7D F8 F8 D0 7F F0 78 F8 F8 E0 87 49 78 E8 F9 F8 F8 E0 8E 52 40 30 78 F8 F8 E0 87 7D F8 F8 F8 F8 BB 87 7B 78 F8 F8 E0 87 87 87 87 2D 99 69 78 F8 F8 F8 98 87 7C F8 F8 98 38 87 23 91 3E 91 39 7D F8 F8 F8 F8 C0 7D F0 F0 F0 30 48 50 78 78 F8 F8 F8 E8 68 38 87 87 87 6E 87 7F E0 41 7A F8 F8 7E F8 E8 27 47 78 F8 F8 90 3F 7E F8 F8 B8 F1 C0 40 38 78 F8 B8 87 21 40 78 F8 B8 37 20 68 78 F8 B8 87 22 48 78 F8 B8 38 3B 78 F0 C0 40 38 78 E0 25 22 22 3A 21 87 7C F8 F8 A0 F9 F8 F8 28 20 87 26 28 60 28 59 35 24 79 E8 50 7B F0 78 A0 7E F8 B0 24 2B 7D F0 46 79 F8 78 7C F0 78 B8 7A F0 C0 50 58 78 F8 78 3F 78 F0 C0 40 68 3F 87 25 78 C8 7B D0 78 B0 7C 60 68 60 42 78 F0 98 91 8D 3B 55 87 7A F0 98 38 87 2C 20 60 78 F8 90 79 60 9C 25 78 40 38 20 24 28 39 8F 7A F0 F0 A0 30 78 87 54 87 2B 40 38 58 78 F8 F8 C0 87 79 F8 F8 F8 90 87 7A F8 F8 F8 38 79 F8 F8 F8 28 22 78 F0 F0 F0 68 78 F0 F0 F8 50 79 F8 F8 F8 40 79 F8 F8 F8 30 78 F8 F8 F8 90 7A F0 F0 F0 A8 28 68 87 56 8F 28 8D B3 87 31 4D 38 22 87 7A A0 50 20 20 21 21 21 34 30 2F 38 68 7D C8 48 38 87 42 79 21 87 8C 23 78 F8 F8 30 40 30 48 78 F0 7A 40 78 40 78 60 78 78 78 60 78 58 78 F8 7A 48 78 68 78 B0 70 60 78 A8 78 90 7A B8 78 A0 78 90 78 F8 78 40 20 37 30 5F 87 2C 8C 2B 8F 31 87 23 30 87 33 8C 35 89 3F 91 2F 28 37 92 87 21 4B 5F B1 4B 89 5F 87 54 61 5D 7B 50 8A 5D B1 68 8D 56 87 DF 8C 5D 43 32 87 4D 51 58 2B 87 61 89 2E 8E 2B 87 3E 40 78 A0 78 F8 A0 29 39 48 38 FA C0 FA 98 36 F9 A0 20 34 F9 90 36 7A A0 37 F9 A8 35 F9 A0 87 37 F9 D8 58 28 F2 98 C1 2B F1 38 35 FA 90 AF F1 B0 28 28 79 B8 23 30 F9 A0 87 29 F9 A8 3B FA A0 20 38 7A A8 35 F9 A0 26 30 FA 90 51 32 F9 E8 33 F1 98 99 32 FA A0 35 F1 98 E1 78 A8 8C 87 34 F9 A0 32 79 B0 87 31 F9 A0 40 30 F1 98 F9 F9 90 39 26 30 F9 90 F9 B8 FA A8 2D 30 78 A8 37 F9 D8 33 FA 90 29 36 F9 90 51 28 F9 98 FA 79 E8 7A A8 78 30 F9 98 87 A6 FB A0 3A F3 A0 28 22 28 FA A8 97 2B F9 A8 87 4A 7A B0 8B 34 79 A0 33 F1 30 2A 30 F9 90 31 38 FA A0 32 7A B0 87 33 F2 98 99 2C FA A0 33 FB A0 3F 31 F1 F0 A8 B1 F1 F0 A8 B1 F1 F0 A8 A9 FA 90 F9 B1 F1 F0 A8 B1 F1 F0 A8 B1 F1 F0 50 7D A8 44 F9 C8 42 F1 D8 C1 F1 D8 C1 F1 D8 C1 F1 D8 C1 F1 D8 C1 F9 90 69 F2 98 F9 F2 58 C1 F9 D0 C1 F1 D8 C1 F1 D8 C1 F9 D0 51 78 C0 78 F8 48 B9 22 7B A0 50 78 98 28 87 7A 98 50 48 78 E8 7E C0 87 7A A0 78 E0 30 78 98 7B A8 7C 98 38 28 78 98 48 78 98 21 87 7A E0 7E 98 48 78 98 28 78 98 50 78 98 7E A0 D5 87 87 87 2A 78 D0 78 D0 78 D8 78 F8 98 78 E0 78 A0 78 A0 7A F8 F8 78 F8 F8 98 78 A8 70 78 E8 70 78 F8 A8 28 21 29 8E 87 8E 29 40 49 78 F8 C8 40 87 74 21 79 C8 4B 87 87 7F D0 78 D8 78 C0 78 C8 78 D0 78 98 79 F8 90 7A 20 78 F0 C0 28 20 8E 87 87 6B 20 78 87 31 68 78 25 30 78 D8 F4 98 91 21 68 87 21 73 F1 F1 F1 F1 F1 F1 F1 E9 70 EA 69 E9 E9 E9 E9 E9 E9 A1 38 87 2A 25 87 27 70 7A D0 78 B0 78 38 58 78 90 7B 48 68 78 D0 50 78 F0 70 38 68 78 A8 78 A8 79 7A B0 78 F8 B0 78 72 68 70 50 60 3A 20 20 40 48 29 78 C8 38 00 38 21 91 96 92 92 92 92 92 92 87 93 87 87 87 87 87 87 87 21 87 87 81 01 87 87 87 35 32 B2 40 40 40 40 87 42 58 79 79 48 E1 E1 E1 E1 E1 E1 E1 E1 E1 E1 E1 49 87 8E 4D 79 98 59 B9 D9 9D BB 29 9C 7E C0 3C 79 39 7A 5C 39 99 B9 B9 41 38 B9 99 B9 D9 B9 59 B9 D9 9D 99 B9 BD D9 B9 D9 B9 D9 99 3A 38 B9 B9 B9 B9 B9 B9 B9 B9 99 99 B9 B9 B9 B9 B9 B9 B9 B9 99 99 B9 B2 B9 99 B9 59 B9 D9 B9 D9 99 39 99 B9 B9 59 B9 D2 B9 D9 B9 D9 B9 D9 B9 D9 B9 D1 28 99 87 9A 99 39 B9 99 79 F9 A0 F9 A0 F9 A0 F9 A0 F9 A0 F9 A0 F9 A0 F9 A0 F9 A0 F9 A0 F9 A0

Replace:

8C 06 00 1A 5D 80 1A 5B 00 00 00 00 4E 37 00 00 40 49 E0 11 AE 48 08 08 20 AB 7F 93 2D CC FF 2A AD B5 55 55 5A FD BF AE F6 69 7F DF DB FF B8 61 54 64 72 3B 3F 5B A9 FD 77 FC 9F DE FE F6 B7 D2 BD B5 AA AA AE AA AA 8D AA AA 36 A0 89 09 00 2B 03 A3 87 B1 D2 08 6C 9E 7B C1 F1 1B 25 90 F4 86 57 F5 97 FD 0E CB BE BB A7 5D 1E DB 2E 8C 43 23 55 83 77 66 A4 97 64 C4 BD 5F A8 D9 9E BA DF 2A F3 7B 5A 27 A7 ED 59 76 73 72 6E AA E9 FE 75 37 BC DB 8B 1B 86 83 D3 92 ED 91 B3 F1 35 97 FC 6A 44 F3 EE B5 06 18 82 34 D3 D6 C7 96 E1 7E E7 E3 EB D7 A6 3C 70 80 83 7E 45 49 42 7C C6 77 E7 D9 B2 F0 26 7B F9 03 8A E9 F6 2E DD 38 63 10 7F 73 72 D4 50 F1 ED A9 63 25 DE AE 61 3F 77 87 1B AB F7 AE A9 36 F7 6E 9B 27 88 2A D8 38 EB E1 B8 5B 41 B3 EF E1 0D A8 43 B6 40 E1 14 13 90 77 31 DA D5 4A 3E B2 2F 3E C5 D5 B9 F6 C9 69 A9 F3 9D D8 FF 9A BD A6 FF 29 A9 4E FD 0D DD 8F 9A BE 6D BE 61 DE D8 45 4B B7 ED 08 3F 3A BD 29 91 6C 9B E0 45 44 BC 94 5E 98 6E 2D DB 73 88 9D F2 EB D9 E3 FC 29 4C ED E5 4F 60 A5 8E 77 A8 4D 8D E2 25 7D 72 5F BF 2A FE 50 2E 4C 95 F9 19 32 AD 33 47 77 25 DF 4B AB EB 1D 37 D6 25 F5 B1 F6 97 C7 91 F8 B7 E3 52 CD C2 4A 35 69 11 41 FE BB 2B 0E 6A 67 9D 0A CC 69 8F 59 22 C9 C5 1B BE 28 36 FC CD 5E CA 55 C4 8E E3 26 8C F1 8B 5A 55 7E 38 7B 65 76 B6 5D B3 B9 B2 F1 4A E1 C9 59 96 94 FD 83 E5 7F 36 55 39 79 6E 7B 93 BE 32 82 3B 50 1E FC 89 8F 2B 7E 94 F9 B4 1F CE BF 72 4F 7C 4A 6B 3B 8B 09 B6 B9 FA 5B 24 77 30 36 AC 75 6A D9 01 AB CD 87 8F 3E E9 A9 E9 2A 2D DB FB 48 96 A8 DF 19 DE 70 D9 C0 9F E2 1D 51 32 AE 32 82 B7 6A 8D E7 A8 B3 9B 13 FA 8F 98 3C C4 53 62 F3 BB B8 12 FC 82 5D FA B9 D3 AB 2A 4A 94 7B EB 5E FF 12 AB 4B AB 0A 56 08 5E 7C 5D 77 63 7C 91 EC E1 8B FC C8 9F 11 4B BD EC FA 32 33 4F A9 46 4D DD F5 DC AF CC 3A 6D 85 DD F5 A6 67 23 DE BE C7 43 9F 26 CE 26 AE CD 76 9B EC 72 3F 62 B6 4D A1 66 31 7F C7 B9 AE 7B 4E 35 2D CD A9 F9 87 4A 75 9E 55 7B EC 26 5F 0B 28 9F 18 E8 7F 64 C8 D6 A9 71 A9 C9 8D D6 6E AF 17 3B BF 39 2B AE FA 3D A2 B3 73 85 E7 D7 F3 CF 2C E2 93 32 C7 45 46 76 8B EC 6B 73 DE 67 FD F1 7D C9 DD 1D 3D F9 A5 AB A7 DF 4F 0D 5D 34 54 95 B4 ED C5 12 81 20 68 D0 12 FD DD 55 6F EA E1 5C FC 71 F6 1A BF 5D 9B 56 B5 DE 91 AB A2 F9 77 7E 7C B9 68 79 6F 13 32 FE 7E EF 6D B0 74 6F DE C9 B9 99 4E 5F 5E BD CF 0F 28 9A 6C 5B 91 10 B4 7B E6 CB 83 63 FA 77 44 2F 08 2D 30 BB A0 BD BB 67 7C F8 D6 8A 17 9B 95 0E 97 5F 56 CF 5D 52 F0 FF AA D3 97 FD D7 BD 7C 97 E9 F1 90 4C D8 B4 EB 7A CD 0B 45 CC E9 92 C6 10 49 52 C7 85 B9 F3 22 2C 17 24 13 67 F7 5D 9C A0 3B 12 57 8D 9F AA 8A 5C 7A 46 3C A6 A2 3E F4 F8 D9 D8 8C E3 67 5E FB 8B B6 A9 F7 7C 4B 1B BA 98 FB A6 EC FB 49 AE 5D 7F 4B 98 07 5E 95 77 3C F1 CC 4A 4E 68 C5 C2 84 39 4E CD 43 46 5C 2F 9E BC F6 90 23 25 29 3F 52 E2 61 EC EB 93 31 59 33 BB 97 CB 9D 97 96 47 25 CD F4 BA 52 31 BA 3E D9 C9 5D 65 7B FA F1 84 F5 71 35 CB 67 FE DB AD 4D 9B F4 F7 C9 C5 69 CE E3 66 F3 FE 69 AF DC 2A 1B FD C2 F9 E8 6A C9 B6 FF 72 66 DC 54 0A D7 34 7C FF 71 58 9E F6 D4 5C 78 56 F9 63 76 D6 89 38 94 7C 5E 93 FB FE 3F CB EF 5C 4E 56 94 BF FB 50 52 50 9F 5E 3E 33 D9 25 AC 68 E7 8C 85 B7 3C CA 4F 74 EB DC CF E8 A8 F3 E1 D7 CF 6D F1 3D C0 C6 E4 2A 3E 47 CF B7 2E FC AF 2F 2C 6F AA D9 8B 75 51 BD C7 12 DA D3 76 B7 0C FC 6F AB B9 D6 E2 7F F5 FE 0B 67 6D BB B4 7E 79 DE 1F CB 3D 6A F7 15 05 AE BD D3 B3 F6 79 F5 AD FF 9F F5 FB F9 BD F2 E9 FB 5B 03 3B 22 D4 17 17 76 B5 A7 AF CD 99 FC DE 50 52 48 78 BF CC CE 66 6A EA 3F 70 2A 1F EF 2A 5F BE 68 C2 8D B8 D2 91 36 0A 75 67 58 C7 8C 3B C5 57 0E 75 ED 8F 49 4A FC 56 B0 14 27 7C 2D ED C7 04 29 DE 26 7B 7E 6B 58 7B 7E C5 E5 EB 16 1E 4B 1C BA 96 BB E9 7C 9C 5F 17 6D 1E F4 4F 18 32 7A 52 AE 7E F3 8C 25 6E 45 FB 5B 6E 75 9E 4C 7A 82 59 D8 6F 18 52 7D 55 9C BE DE 7D D2 81 2C 49 AA E9 8A F1 93 ED 2F 10 EB 4E 58 EF 49 3C 7D CF E5 CA B1 27 51 AB 12 FC CF 3D A8 FC 94 72 24 AA F9 D4 A1 46 F3 14 A7 59 05 35 3B 1D D7 87 6E 6F EB DA 1B EC 5A 1B B2 3A D0 B3 CE 39 73 8D 60 D9 A7 B3 CB E8 23 93 43 C9 79 A3 6A 22 D3 E7 74 6C FC 30 FD C3 51 C9 C4 3F 3C 56 09 BE 25 FD 13 B5 E3 8B F7 F4 E8 63 F9 9B 47 1F C3 E2 4A 64 2D E1 0F EB 98 4B 61 7B D3 51 E4 9F A2 8D 23 27 9E 19 F0 36 2D CD 99 01 21 E1 A1 47 BE 04 07 2B B5 D6 CD 0D 67 DD EB 92 B2 0E EE B6 F4 74 5D 35 A2 2B 35 82 8A B7 68 E9 48 9A 50 F7 7E 49 89 57 D7 B0 E5 AF 87 1F 29 AB 1E 11 63 FE D2 A5 A1 3D FB E1 C9 AB B9 D6 8E C2 81 78 FD E2 7F 39 0F 82 5A 0E A8 87 8C 74 69 CD E3 CF 1B 9F 14 AF 7F B7 DB A9 3D 9A 63 9E 2D 49 2A 7D 55 56 E3 D8 D9 33 E5 86 62 57 CC 67 36 77 EB B8 17 43 17 AD 18 B6 C8 57 3B 3D A1 2C 4D B8 93 FB 28 2F CA 3D 8C 1F F6 CF F0 67 0E 5F D9 0E 49 7B CE 9D FF 24 9A B3 7C D7 0D C6 F1 BE EF 36 6C 0B B6 7A 97 B3 BA 3E 63 5A 71 5D D9 94 1B C5 29 A3 9D 3C B8 59 AB 6F A2 9F B1 AA 9B FC FC 33 9B FE 69 DC E5 39 33 2D 21 F8 C1 82 1A CF 47 6A 59 A5 F5 ED B2 CF 31 D3 8B 2F D5 59 D9 C4 A4 A7 CC BD 67 5D C8 D7 5B FF 13 B2 B5 68 E5 C6 3E D1 07 DC E9 C2 63 AA 70 F1 E7 C2 BD 21 A7 17 85 07 15 5C EF 3A AE 94 34 36 04 AF 39 BE CF 52 9D 70 E3 B7 EF 79 FF 18 6F 8D F4 BB 31 C5 EB F6 DF 7E 19 CD 4F DF 94 79 A4 27 17 FD FE DD A1 85 3D 7F 7E 6B 61 16 B1 21 EA E3 73 89 D8 2B 67 6B 8E B0 CA 94 3D 14 1B 7B EC 2D B7 E1 C9 24 B1 B7 8D 5F C2 DE ED AD BD 15 0B D2 E3 2D DD 55 B5 5E 01 B3 5F FD EE C0 F9 96 1F D3 54 79 DE D0 25 FA 9A 3C 9F BE 4D 0F F6 63 55 EA 39 C2 E6 78 F4 58 2B 2E BA 18 5D 9F B6 62 73 B3 CF CC F1 54 F4 3E 75 BF 28 5B 77 9C 7A 44 56 33 73 05 ED DB 94 D5 25 C0 1E 47 BF 31 05 AE CA EE 7C 7E 93 B6 DB E7 F7 9F DC 4B 7D DD 97 3B 03 5D 9A A7 7A EB 49 4E D8 0E 9F 51 D6 E0 B1 CB 9E 4A 97 32 EA FD FA B5 59 C1 80 3D 57 57 57 A1 F6 75 0C 9B E8 65 CE A0 EA 39 4D 2E CF B7 8E C0 99 61 98 48 47 F6 E6 6F 60 5D 62 5A 2A FC BD B3 0D BA 50 00 B9 DA FC B2 3C C6 1E 15 F3 0B 6D 21 B3 28 D9 A8 B4 7E AE 43 28 4F 73 2F 89 88 D1 0C F1 F9 F6 FB BD FE 13 6B 39 AC F9 04 D8 7C 33 DB CF 51 68 5A 99 7F FA E6 AB 67 0E 2F BE A5 7F A2 A2 FA DB 26 E9 CA 58 78 35 25 69 FD D7 8A 4B A3 A5 46 F8 62 C5 F0 5C 1F 2B ED B1 AF 2F 5B 4E 59 7E 9B BB 19 C8 E0 AB E4 71 5D CD 5E 9A 0A 33 F7 D9 DD BB E2 F8 6D C0 4B A4 C2 2E BF E9 C1 58 C8 5C C7 C9 86 5B 97 3E A5 85 83 D2 71 73 FC B6 F6 25 3D 05 15 1A 74 65 8C 5C A8 88 ED 67 4F 5F 90 D8 57 7F EC 30 1B 79 AA B8 69 EE 76 52 C6 74 95 C9 B3 F1 EE B1 16 D5 D6 FA 73 BE E6 55 3D A7 DA 4F 53 9A CC E1 C1 66 48 DC D3 CC FA B2 17 DF 8B F1 6A A8 2A 3A BD D7 97 51 99 CC E0 4D 43 93 67 2C AD 7F 35 FA 18 D9 8A 2B E1 EF 18 7F 14 26 B3 11 66 27 94 7F 1F EA 1C 53 73 22 02 0B FB 05 F0 CB E7 F0 2C 1C AC AA B3 C5 46 DF D2 F6 5D 9F 9F 76 2E CE AD 64 3E 2A 9B 5B BF 3A 39 76 33 36 9C DA BB AD 48 58 27 E6 D6 7B 43 9C EB DF 8E 63 BF 93 AE E1 3F 52 50 BB 06 2D 3B FE 4E FA 0B C5 A9 E0 E8 7B FA 76 6C C9 B5 CD 9A B7 D9 58 6B EC 3B 75 54 99 A9 BE BA 99 EC 3D D0 EE D7 5F 15 AB 6B EB 23 C5 74 73 E1 1A D8 BE 9E C5 77 4B 32 82 5B F3 B6 D0 FA 7B C0 59 64 A2 38 1B 18 6D 25 D6 8F 45 71 EF 0F E9 C5 CE CE F8 79 DF B5 C9 B1 6D 37 72 56 1B B7 89 05 29 7E 76 11 59 E3 D9 73 7B F3 DE 5F 28 FF 38 25 47 4F A2 23 BE 51 BE D4 7E B8 95 DC 8E EF 36 03 23 8F 86 49 95 E3 EA D4 78 F5 31 FE 74 CD 06 95 7F E9 31 54 73 71 BD 11 61 55 83 AB FE 0F 5E D0 ED 67 2F 2D 73 98 EC B7 EF 12 8F 53 53 E0 A8 C8 EE 78 A3 34 30 EF 9B EE DB DD EF D8 CF CF D1 1D F2 E9 19 79 BE 8F 5A D9 36 F0 79 6B DD D4 A3 8E B5 DF B8 BE FB CD 2B 8C 68 E8 CE F9 5F A3 1B BB DB C7 6A 4B EE 26 CA 77 5F 5B 6C 7F 37 92 11 39 FB C9 9F FE F2 FB DC 90 54 BF 3D B6 88 28 EB 35 77 33 2F 52 A8 3E 5B 56 38 5C C7 2B B2 AA 57 61 71 15 31 B9 F5 E4 BD 3D 19 F7 74 BB C9 35 E0 39 CE D8 FA CD AC C2 F5 3F 0E 97 5B 9E BA 27 CD 46 73 03 48 E4 97 1C 5F E7 96 D9 8B 8C 5B 65 76 D4 35 F2 AF B2 F5 D4 DB B2 C9 B1 01 DF 67 71 1D 56 B0 B8 FD 10 0E 47 ED F7 73 F8 4D 23 C6 80 A7 02 9F 42 C2 3E D6 EB 4F 65 8D F9 AD 6D E5 F5 FD B6 7E EB 33 76 6D 68 69 D0 DD 21 AA 8B 42 18 94 41 F1 AF 99 D9 BA 5E F2 9B 66 8E 19 27 4C 43 07 EE EF 66 3E 58 D9 E0 67 EA 9E 4E 41 D1 BF D0 0C D4 8B 3A 11 C2 14 88 05 52 81 BA 19 24 45 22 40 44 33 6A 40 6D 04 D2 21 15 1A D4 23 9A 06 1A 90 8E 44 C8 02 31 34 8E 38 04 12 20 2E 01 24 81 74 C8 12 B1 48 4F A9 7A 50 2F CB B2 B8 96 BB CC 36 31 61 DB CC 55 A3 96 DA 9B FB AA 5C C1 30 C8 3A 7A 2B 44 88 D6 F4 9B 89 58 A5 8A 29 33 22 41 30 3B 20 1F F4 94 9A 9A A0 4E 9E 2B FD 8B 75 33 08 C5 94 35 25 AC 67 25 51 9C 66 A6 4F 20 55 72 3F 37 AB 05 26 C1 54 05 4B 54 7B B5 4D 74 FB 4A CB 18 2F B1 15 CF 86 C7 D5 9A E1 5A 69 2B 8F 83 29 11 F3 56 AE A5 3B 8D 28 DC C0 5A A9 2C A1 EF B3 09 AD 13 90 2C D9 37 E0 6B 80 1E CE 37 67 B5 43 A5 82 D4 4B 70 1F 52 69 22 D3 5B 01 63 42 F6 0E 46 76 90 2C 2E B5 6A 1A F1 1C 6B E8 09 54 AB D4 42 12 D1 48 A8 FB 49 57 B4 11 18 20 24 B6 04 91 90 41 5A 03 36 28 31 43 1C 13 42 A6 EC 43 14 A6 C1 F1 3E A4 F0 C1 5C 15 03 7A 50 0B 39 7D 7C 1E 20 05 86 30 FD 10 35 8B B7 F8 B4 63 46 84 F8 44 33 1A D4 12 66 04 35 E8 27 C7 D5 5C 04 3A 84 09 81 02 B9 BD 89 12 80 36 62 80 90 80 00 06 07 BD 01 C9 48 8E 39 70 91 C4 12 7A F5 18 22 D1 30 02 70 AE 15 97 E4 89 28 A3 5A 40 E1 1C 1C 67 06 F8 AD 00 5C 00 23 6B 0B 00 60 04 80 E7 A4 00 24 62 5B 91 C1 5F A4 46 62 A1 71 44 BB 12 C9 F9 46 A5 5C C0 54 72 85 3F C7 D0 AE 72 14 4C 3A B6 36 53 CD E0 22 34 71 93 FB FA B7 00 17 5E F0 EE A0 1E 00 B0 34 50 CD 4E 7D FD 36 B4 BB C5 94 93 23 B3 32 A3 8A C3 EB 0E DE 7C F3 E3 C1 AD 24 59 E4 CF 2D AB FE 1C C6 CF 5E 77 73 7E 0F 2F CB A9 B8 66 1D 0E C4 6B 69 8C 06 48 88 29 D2 D8 19 7E 5E D3 D7 F2 78 5F DC DE 4A 57 7B EB A2 78 5A 16 33 C1 8C 18 06 18 01 60 39 D3 E1 A4 ED 6F AC 1C 34 41 4B 16 35 DF 07 60 01 00 5E B3 27 32 70 0C D3 63 8C 0B 94 58 D7 83 82 A4 28 AE 3E B8 5F 48 FA B4 9A EB C1 1E 8C D6 AC 8A D4 B1 0C 53 CD 46 34 01 F4 E2 46 AA 4E 57 F7 4D 10 C5 F2 BE BB 2D 2E 7A C8 86 04 7A 00 00 0C 4E 34 37 80 92 A5 68 B1 8A DD BC C0 A2 5C 8D 71 99 41 96 C3 E7 74 00 DC 07 25 F6 3A DC 79 0A 81 10 9E D6 FD 3D BD EC 23 E5 D7 96 CE F2 27 79 6F 46 4E B5 4D BC EA B3 7E 71 F4 BC 25 5F CD 2B B7 A4 BA FB 88 27 5C FC A3 7F EE F9 B4 CD 37 AD AE BD B7 CA 1C BF 7B FB BD D0 B2 83 81 A8 0A FD 9A 82 A6 A3 3A 34 88 23 A4 44 08 A1 6E 84 C4 C8 12 21 90 A3 3E D4 89 DA 31 84 19 79 08 29 78 60 86 70 1D 0F F1 0A 11 81 10 4E 23 06 03 16 11 88 10 60 0C A5 B6 40 1C AE 1E A1 4E A4 40 16 7C 0E 1D B8 6A 62 E2 9C C9 B1 3E 01 56 CE 1A B3 49 7C 01 8B F8 A6 8D 96 04 C7 11 11 32 11 A6 99 2C 95 99 73 7E 21 31 A9 94 EB 08 8D 4C 69 4D 01 57 29 10 F6 4B 39 3C A1 86 E0 B8 0E 72 05 7D 06 00 25 D1 AC 27 71 9A C7 7D 47 4B CC 26 F6 35 0C B1 94 88 90 3D 87 A4 1C 35 BF 38 BF 08 9A A4 24 12 96 23 EB 2C B6 ED 6E E2 E2 83 B5 42 64 2E 20 A5 C0 F7 A8 72 C2 69 DC CD A8 2D 54 1B 95 26 54 A0 BA 91 90 62 5A 34 48 11 DC 3E 60 CC 69 4C CF F7 12 14 CA 6A 39 E2 C9 16 8A 00 EC 99 B0 9D 10 1A AD 09 23 2F 50 EB D7 F1 D1 B7 D1 10 44 07 A8 8D 46 1E 1F 89 00 A3 C1 86 E4 1B 49 04 9C 66 F0 05 20 19 39 0A 00 92 C4 D5 46 42 66 44 0C B0 C8 99 8B 11 60 6A 0A 08 C6 61 BA 91 24 20 3D 4E D2 BE A0 02 B0 E3 81 D0 08 72 8C C6 31 9C 47 E9 71 47 33 2D 07 A7 ED 31 3D 10 B8 99 94 E4 11 F4 A0 1E F4 8C 91 AB A4 87 03 C0 08 2D 8E 09 65 8E 1C 31 78 53 FC 56 15 02 04 B8 29 23 07 5A CA E2 2C 20 00 2D 80 08 01 00 00 00 00 6B 0A E2 60 B3 11 1A 4C A5 02 27 9D C4 C0 11 1B 70 04 42 A2 9F C3 ED A1 9B 1D 7C 7D B9 C4 40 13 01 BF 5E 09 40 34 80 1C DB 10 FD B3 87 15 50 EA 2F A0 03 00 F8 0D D7 B1 DF F9 0A DA D7 B5 95 E3 27 8D EF 91 45 BA 1F B8 9D DF B3 C5 E9 F8 F1 73 7F BF FB 7C A2 C2 D1 2D 6C 8F CB 60 CD C2 45 1D 03 2D 0F 81 85 EE 9A 6F 73 08 D0 6B 9E F3 EE 04 FC 35 FF 77 8F F4 9D 15 1B 74 E6 FD 85 53 45 C0 50 5C 46 08 52 60 71 06 E7 A0 09 EE CF DC 7E F4 11 12 5C 15 11 08 00 80 61 00 14 CB B6 78 44 03 70 F0 69 EC 2B 60 09 B9 B8 DB 8E D5 DA 07 D6 2A 87 0E B1 E5 F7 69 3A 6E 68 15 1A C0 30 56 23 D5 B0 6B 00 86 18 08 46 C7 B0 55 97 87 D7 3A 7B 3A AE 60 3E 03 1B 09 25 00 00 3A 8A 19 65 82 1B 4D 69 16 E6 50 B4 04 68 8C A5 0C 2C 3B 5A 88 83 77 23 30 E3 19 7A EC 32 16 21 04 21 08 D0 85 0A 1C 07 9C CE 2C 1A 02 93 9C 72 0D 75 F0 50 33 1A 12 E6 8C BD 5E DF 1E C0 CB AB FA 10 00 00 1D 77 9D 9B 7A 17 80 75 D1 8C D0 1F F9 59 FB 18 31 17 01 27 F3 3D 46 CB 02 C6 60 D3 83 09 62 B0 E0 6D D4 59 C6 05 31 EA 0D 0C CB 18 85 A1 0E 93 00 8B 8D 67 C6 03 B0 73 9D 6B 66 CC C0 01 20 00 62 0B 29 76 07 CC A5 BB 5B F2 5F F3 8E 03 40 00 06 88 36 60 A3 0F 04 04 DF 14 DE BA 49 BE 78 FB E6 CB 2D C6 F3 AD 24 E3 09 5A F0 0C 0B 3C E9 77 BB 00 23 B2 FF 23 21 A1 F3 76 22 91 E4 AF 3C 7A 81 FC C9 8E CF C2 F1 7E 43 BF A0 9E 69 79 DA 2E EF 2F D2 27 66 17 B0 CC B9 6B 7D 67 0A 29 23 71 80 01 B7 D1 10 58 08 40 25 A5 F5 8C 0A 13 74 A7 A5 88 85 5D 2E 0F CA F6 CD 26 51 C2 43 17 18 AE 8C 25 8D DC 1C 0E 39 A6 A3 25 61 42 06 09 05 32 2C 6F F1 C0 00 5C B8 00 1E AF 41 00 46 00 07 EE 47 03 28 07 E8 48 C4 84 7D F5 E8 0E E0 9A 32 B9 3C 7C 83 97 34 B5 26 80 AC 1C 7A 8E 09 04 30 53 17 00 C3 80 6E AC 15 EA C0 4C 70 C9 55 E8 2A 40 0C 2A 12 D0 19 08 12 2D 04 0E 32 9B D2 01 31 BB F0 E0 6B 63 18 53 43 03 39 00 63 06 62 0C 83 5A AD 7C 0D 11 02 6A 50 18 0D 9C 8D 38 F4 04 B4 E3 92 22 40 4C E9 E0 29 49 83 83 F4 5F 59 19 4F D4 31 71 13 1C 22 87 13 A2 56 E0 5C DD BD C4 DA 02 92 FB BE CD 7D 63 6D 8D 67 9A 7D 92 D8 93 00 EF 3D 47 C0 95 EA CB 3E 19 25 C9 14 A5 9F 8E 16 A6 BE 96 53 37 F6 D3 A9 01 06 D6 8D 34 89 52 38 60 4E 19 39 9D 31 A0 B0 71 C8 0E 06 EC 75 F4 2B 04 90 69 12 87 00 33 AF 52 4A 11 39 BF A4 A6 23 22 79 1B 39 17 F7 EC AF EB 2E 00 C9 CD 66 6F 2B 18 42 0C 00 DF 17 8D FE 81 7A AE 78 C4 60 36 41 B5 77 58 6A 13 2C E9 E9 0D E3 30 FC 84 2F 9B 84 32 D1 7C 0F F4 99 08 9D E0 4A D9 46 7C 45 41 41 C8 4E B1 7C C4 5C BD 7A 13 59 A6 D9 44 8C C2 7D 33 E4 21 55 96 20 77 4C 44 D6 08 89 10 06 3B 07 A9 52 2C 75 09 16 58 16 22 45 C3 80 95 81 1C 4A 04 85 0E 22 0D 0A 08 8D 11 71 08 4D 47 AA 0D AC 45 94 C8 44 88 CD A8 63 81 14 46 A9 18 45 6A 24 41 AB 14 46 A2 3B A6 45 F6 26 C6 7B 74 FB E7 FF E7 EA CB DF D6 D6 B4 95 6A BA 4C 56 1C 07 53 5C 5B B1 8F C3 40 57 6D 68 F9 C7 22 69 72 1B BB B0 EE 45 E6 CE BC 2D 73 4D C6 E1 B9 0D 94 DA EF AB 40 12 F8 03 A6 54 95 48 62 E8 A8 AA 4F B8 1D 0A B4 95 15 DF 0D 3C BC 94 89 FC D2 48 A0 E5 AD 59 4F 92 88 92 34 A4 AA AA 4E 65 C9 28 9A ED 6E DC 9D 52 EF BA 8B AE EE AA 2E DE C8 13 0C 6D B5 7A 5B 4B D4 65 91 4C 4A 8A 23 7A 95 18 9A 48 D2 DF 93 A9 06 DE C9 01 00 9A 00 E3 15 75 6B 6B 6B AB E5 52 97 3A EB 9C 1B EC 38 BB 79 7C 61 6F 5B 67 AD F3 2D 6F 53 B7 92 FD DA 34 A5 4C 9B E8 6D 89 73 F5 F8 E4 5B 57 C5 A6 C9 8B 20 12 72 99 3B B1 55 69 E4 A4 16 71 F2 EA E9 65 EC 1B E7 A7 8D 9F 4B E2 4F 93 6C EC 47 21 D8 E2 D2 9D 16 22 52 8A 97 6F BC 98 28 DD CF 26 49 88 57 CF A2 F2 45 74 64 AE 47 A9 93 27 7D 63 6C 3F 73 D3 4F 4D E4 0D F7 42 CE 8A EC 77 DC 41 F8 98 86 69 96 B8 DF 6F 5C FA 7A A3 6F 37 B2 70 B7 56 D9 3E AF AC F2 CD 23 B6 09 2B CB CB 83 D6 E0 A3 D6 8E B5 D6 DB 5D 7B 78 67 D3 DF 52 F7 76 AC B3 AD 7B 7E 53 A9 5D 1F 9A FF CF 5D D6 54 A7 61 45 DE 89 5C 32 2E E5 EF 27 46 F2 3C 76 F3 32 C9 CB BD B1 9D 39 89 23 39 9F 4E E6 4E 4E 3E 88 8B F8 D2 15 8D 48 29 B5 8B 3E C9 CB 51 96 99 FA C8 D8 F0 65 59 4C 83 84 85 88 64 A9 09 91 73 F6 2C BC AC E1 CE AC 4F 6D 52 EC EE 19 32 61 C4 8A 35 AB 60 46 3E 0B F7 C3 01 1D 5D D1 F3 A1 2F DE 93 75 DF E7 29 4B A6 F9 41 BF 3F 59 65 6F 95 F2 94 6D 01 B6 6D 96 AB 9F 6A E0 DD 2C AA 51 94 69 F0 37 12 A9 21 FB 03 3D F7 22 A1 26 54 69 71 D6 43 78 9B BB 34 93 F7 19 33 21 FB 89 05 C3 FD 36 41 E1 F4 EC F4 E9 C3 8F 96 4A 5B 38 A3 CF 31 12 A4 52 E4 4B 7A F0 BB 14 7C F8 93 23 F1 B8 EE 37 32 E4 B1 F8 85 A7 F2 33 4A 5C 8D E7 99 65 35 1C 93 45 FF 7E 27 8F 24 41 C7 C4 51 48 E6 90 4B C6 A5 A5 B8 AC D2 24 D2 2C 49 93 AF A7 DE B3 5F 3F 5B B7 B5 AC AB 7A ED D6 55 9D 4D AC AB 1D BA D4 C3 E5 78 78 FC BB 65 83 8A 00 FC 73 C0 36 65 24 A5 AD 2A 69 9A 2A 6A 5C 7A 2E B2 18 99 DC 8E 0A 91 DA 5B C9 8C 2C D9 6E B7 FB FE 62 91 1B 79 5E 9E E4 22 FF 4E F3 A2 8A 94 52 9B 4A A9 8D AB C5 A3 B2 D3 E9 E0 19 D0 78 40 E3 2B FB 00 FA 10 50 00 70 07 5A 43 43 07 75 F8 82 24 49 92 8F 48 92 24 BF 87 26 49 92 24 F0 13 34 34 34 34 34 2A 68 68 AC CD EC 2F 24 39 B9 F8 67 BD D7 EB AD AF F7 7A BD F5 5E AF D7 5B EF FD F7 B2 0E 57 CC 80 D7 AE 4F 2E 08 EC B6 D9 16 94 8D B8 37 6C 63 42 25 5F 1B 99 88 24 2E C8 2B D3 48 65 CC 5F E6 3C 7C 37 7F D5 ED 2E 16 8B 64 CF C9 6B 59 C8 E2 7C 51 FA D1 44 29 A5 94 52 EA 66 D1 A0 D3 E9 74 DC EC 87 D6 4C CD A0 F7 F5 4C E1 3E 00 00 0A 1A 0F 34 34 AE 59 35 24 49 92 24 48 92 24 49 90 24 49 92 3F 0E 2B 68 68 54 D8 C6 36 D6 B0 8D 6D 7C 3E 03 49 5A 3C 01 00 00 00 00 00 C0 33 31 4B 82 1B F9 0D 19 7E 06 00 19 94 25 49 CB BB CD 8E B7 80 00 00 00 00 00 00 04 92 0B CD EC A8 D0 DB 0D 63 42 1E 34 34 34 16 ED 24 92 49 05 F8 72 49 24 92 49 24 92 48 14 A1 A0 D7 0D 5A 15 75 00 A0 02 99 88 61 D0 D0 87 26 F7 D6 A0 CE 9D 3A 74 0A 2B 2A 52 94 E5 29 42 CB EF 73 2B BE 65 CC B5 C6 E1 62 C5 BD F7 6E E2 8C 38 F9 98 AD 1D 48 9C 48 DB F4 6E C8 5E BC F2 62 51 A5 9A 8C AC D2 D6 5B 1B 2A DC DB 3E ED 40 0A 9C 02 13 48 B8 08 8D AA 8D C8 48 7C 18 F9 3B 32 96 29 AE 64 BD 2E CE D1 31 7B 55 95 8D F2 A4 C0 A2 EF 00 00 4F 00 5C 13 82 20 C9 B9 04 EE A5 26 68 74 8E C0 29 F4 28 34 32 1E 1D 77 52 CB AC EF 8A DC 06 41 16 1B 8D 65 D3 42 6C 19 A0 13 0B 22 95 53 BE C8 29 7F 8C 86 56 EA 50 A0 82 89 34 BC 96 F6 17 57 FD 60 11 5D 9F 0F C6 46 6F E9 8E 87 D2 32 89 31 02 02 B9 00 8E 1D D0 5C 12 87 2A 20 C9 40 86 46 08 6B 44 29 11 91 8F A4 15 B2 E7 DB 26 14 A3 0A B3 8E E5 38 1F 50 25 D0 50 F2 AD A6 B8 34 B7 25 F4 22 C5 34 49 67 63 48 43 91 8F D4 B5 48 64 C4 B3 B0 C6 D2 D3 CA C4 96 72 35 A8 B4 37 14 61 72 02 38 39 8A 26 5A 86 D4 A1 A7 55 7C 6E 54 D8 A8 59 3F AC 70 33 0D 19 BC 99 11 3A 79 F9 9C 8D 20 0E A4 91 FA 1E 8D 44 0C AB D6 00 14 F2 39 57 71 63 6D 2C 6A 93 21 76 94 09 94 94 34 4E 8E 0F 1D A5 68 14 51 2F 05 10 02 92 00 BC 10 00 81 E4 55 00 D6 55 64 AD 31 AD 3E 28 0D 8E 0D E3 B3 99 49 4E F9 BA 89 5D 1E 3A 1A 73 17 55 AC 69 F9 AB B2 DD 5E 6A F7 0E D1 CC 54 C5 76 F9 BA 5D EE FB 8B D6 F0 77 67 8D 87 7D 81 49 D1 51 1E 55 F8 BC 5D EA BD A4 7F B0 EB 26 1E 00 80 2C 55 A1 01 9A 1A 16 5E B5 DF B3 0F FA 25 56 93 98 A9 B2 39 13 70 2E 2D CE 95 F3 C0 A7 E3 9E 4B FB F6 FC DE 46 D9 63 D6 F5 35 FB C6 C5 73 24 7F 19 5D 9B 2F 9B 2B FF 25 EB D2 0B 8B 6F 5F FF 57 93 4D 3D 56 A8 AC 0E F7 AB DD F6 CF C7 27 2F 9E EC B4 A7 98 0E 99 13 9A E0 92 44 76 F5 5E 6C 0A 28 DA 0C 84 5D 6E F6 EA 04 94 11 90 84 BA EC 9F 0D 5F CB C7 E0 87 0F 8D 04 D7 7F 5A 7A 39 19 07 ED 94 18 56 4A 21 D7 F1 F7 3B E9 E6 F9 76 1C 05 EA 26 7C D9 97 94 C8 B0 FB DB 99 9A 25 56 0F 43 4D 47 4C 8D B4 5C 9A 51 50 DD 55 42 E0 A9 C9 8F 1E A8 AF F2 BC 0C 19 3D 40 08 1C 01 26 48 42 00 80 80 8C CC 84 84 89 49 F2 49 F5 27 BC 34 64 12 D7 A9 5A A5 36 8B 51 5E 81 09 20 92 00 00 30 00 79 EB 7D 96 90 A4 F7 C3 4E FF FA FB 07 3A EB F2 EE B3 73 F4 51 DC 1E 72 A8 75 EC 29 3F B7 CB D5 EA 56 99 26 ED 16 DC 5B 57 4D 2B 08 12 C9 28 05 85 AA 00 46 E9 91 AD 9D 9D B4 9F D6 9F 65 F7 E1 4B 3F F6 D8 B9 F1 C1 B2 F4 D4 AE 2F D7 EF C2 BD B0 43 B5 EE 12 F6 EC 14 A1 C1 9E 94 5A 00 AC 40 42 15 D5 81 86 B5 63 58 B1 CC 9C 4D C8 CB 4D 72 F5 DB BD C5 FA 8D 3A 70 FB 3B 7C 4F 1D B9 EA 46 5F 88 EF 9F BE E1 FB DC C7 DA 92 51 50 CD D0 79 26 00 18 45 72 59 9B B6 65 68 0C 2F 7D 97 22 E0 4F FB 39 D6 29 79 CD CC BF BF D0 01 00 00 00 00 00 00 98 00 75 FA FF 2A 4A 92 EE 48 B5 6D 8C 31 C6 AD F7 48 B5 4B 16 32 B6 B1 DC B5 D5 D7 C1 72 DB 1D 00 00 00 00 00 00 00 26 00 99 25 01 BE 65 A7 00 27 30 00 00 00 00 00 00 0D 9D C7 F4 39 49 67 7D D5 2E 69 EB B6 26 C0 53 8D 0C 65 B6 C0 B2 15 9B DA 00 03 11 01 02 30 10 20 32 9A 05 01 40 33 D1 92 04 B0 A6 11 08 0E 17 70 4C 12 5E 40 32 D0 32 C8 8F 40 33 EE F7 13 58 0C B8 32 22 5B 43 5A C9 80 06 C2 B7 21 83 C5 E6 63 20 73 3C B6 79 E6 F6 66 FA 4B 00 B5 C0 7A 9D 99 4A 42 AB 7D 96 10 04 0C 00 C3 EA 00 FC 97 35 80 00 C3 A4 57 60 01 40 00 82 03 17 73 99 82 4E 5F 0D C1 39 57 F1 14 4D D2 62 1D 38 22 22 2C 08 A0 10 43 12 C4 22 24 6A 2E FB 1C 16 13 83 E5 A3 E4 61 6C C0 22 37 6C 28 A8 07 DC 27 62 3D 68 1D A7 25 E0 F4 95 28 50 B2 08 D4 70 36 FD 82 64 90 A7 9D 70 9B E2 7E 39 01 11 10 1B CA F3 CD 67 10 2B 48 08 C5 27 49 80 3E 08 DF 2C AB 87 F5 81 01 5C 00 40 00 AB 21 18 80 BB 2D 86 87 8F 77 76 09 17 80 43 80 02 55 C9 95 C4 23 BD 88 20 07 09 E2 40 94 40 2E 10 C6 61 2E 0C 58 A0 7B 5A E8 AC 2B 03 E5 0D 6D BD C1 57 7E 9D 52 44 C4 9B AB 18 5D 70 85 42 57 14 91 23 05 EE 21 20 48 8A 18 8C 61 98 8C 04 89 93 03 08 54 00 F8 A0 C7 22 36 02 1E CF FF 06 0F E9 8C E3 8E 29 5A E1 F8 11 28 22 F0 E5 3C DF 9E 38 A8 0D C5 1F 04 0B 0B 1E CA 87 88 26 34 A2 D3 C5 05 10 08 F0 C1 18 33 63 79 62 11 A1 10 80 86 21 93 CE F8 04 34 84 45 44 2C 08 5E D4 8D 96 61 91 BE C0 B6 A9 9B 7E 60 E7 0C CF 00 43 70 43 E0 1E 56 82 0E 5A 02 4C 32 BC 94 80 E6 9A 24 12 48 01 B2 F4 B0 C0 4C 83 94 65 66 E6 2C A5 50 05 0D 26 9D 9B 5C 41 81 88 D1 29 5C 00 DD EB 04 40 00 00 AA 00 0E 02 24 62