All Defaults to Corrupted Shogun
Icon: https://fortnite-api.com/images/cosmetics/br/CID_854_Athena_Commando_M_SamuraiUltraArmorCorrupt/icon.png
This swap was created by Wslt!
Socials:
https://github.com/CodeWslt
https://galaxyswapperv2.com/Discord
Do not reupload this without permission from Wslt. You can contact me at any of my socials!

----------------------------------------

Search (pakchunk20-WindowsClient.ucas):

00 00 00 00 34 03 00 00 08 00 00 00 00 00 00 00 00 22 00 80 57 05 00 00 48 02 00 00 48 02 00 00 70 02 00 00 00 03 00 00 20 03 00 00 09 00 00 00 AA 01 00 00 00 00 64 C1 00 00 00 00 DA 19 08 98 2C 90 E2 24 EC 8C 8B 40 0B 00 A6 3E 5C 84 C5 29 DF 2A 13 2A 9F DB 75 B7 55 11 11 B0 3E 19 84 84 56 98 AE EF 49 77 72 88 86 14 98 7C 39 2A 35 BA ED A8 A8 7A 16 2A 65 C7 83 C6 1F A4 21 3F C6 3A CB 31 D9 A4 00 44 00 4B 00 64 00 0B 00 26 00 19 00 1B 00 18 00 3A 2F 47 61 6D 65 2F 43 68 61 72 61 63 74 65 72 73 2F 50 6C 61 79 65 72 2F 46 65 6D 61 6C 65 2F 4D 65 64 69 75 6D 2F 42 61 73 65 2F 53 4B 5F 4D 5F 46 65 6D 61 6C 65 5F 42 61 73 65 5F 53 6B 65 6C 65 74 6F 6E 2F 47 61 6D 65 2F 43 68 61 72 61 63 74 65 72 73 2F 50 6C 61 79 65 72 2F 46 65 6D 61 6C 65 2F 4D 65 64 69 75 6D 2F 42 6F 64 69 65 73 2F 46 5F 4D 45 44 5F 50 72 69 6D 65 2F 4D 65 73 68 65 73 2F 46 5F 4D 45 44 5F 50 72 69 6D 65 2F 47 61 6D 65 2F 43 68 61 72 61 63 74 65 72 73 2F 50 6C 61 79 65 72 2F 46 65 6D 61 6C 65 2F 4D 65 64 69 75 6D 2F 42 6F 64 69 65 73 2F 46 5F 4D 45 44 5F 50 72 69 6D 65 2F 4D 65 73 68 65 73 2F 46 5F 4D 45 44 5F 50 72 69 6D 65 5F 53 6B 65 6C 65 74 6F 6E 5F 41 6E 69 6D 42 6C 75 65 70 72 69 6E 74 5F 41 46 5F 4D 45 44 5F 50 72 69 6D 65 46 5F 4D 45 44 5F 50 72 69 6D 65 5F 53 6B 65 6C 65 74 6F 6E 5F 41 6E 69 6D 42 6C 75 65 70 72 69 6E 74 5F 41 5F 43 53 4B 5F 4D 5F 46 65 6D 61 6C 65 5F 42 61 73 65 5F 53 6B 65 6C 65 74 6F 6E 43 75 73 74 6F 6D 43 68 61 72 61 63 74 65 72 42 6F 64 79 50 61 72 74 44 61 74 61 43 50 5F 41 74 68 65 6E 61 5F 42 6F 64 79 5F 46 5F 50 72 69 6D 65 5F 41 2F 47 61 6D 65 2F 41 74 68 65 6E 61 2F 48 65 72 6F 65 73 2F 4D 65 73 68 65 73 2F 42 6F 64 69 65 73 2F 43 50 5F 41 74 68 65 6E 61 5F 42 6F 64 79 5F 46 5F 50 72 69 6D 65 5F 41 00 00 00 00 00 00 00 00 54 7B 85 0C 2D 3A EC 7B 7E A2 42 63 10 83 7A 73 E9 71 0B B6 57 37 B4 79 18 69 40 56 99 65 CF 69 E3 22 58 A5 6D 55 F8 70 57 05 00 00 00 00 00 00 1A 00 00 00 00 00 00 00 06 00 00 00 01 00 00 00 01 00 00 00 00 00 00 00 54 7B 85 0C 2D 3A EC 7B FF FF FF FF FF FF FF FF E9 71 0B B6 57 37 B4 79 00 00 00 00 00 00 00 00 00 00 00 00 00 00 00 00 71 05 00 00 00 00 00 00 40 00 00 00 00 00 00 00 07 00 00 00 00 00 00 00 FF FF FF FF FF FF FF FF 7E A2 42 63 10 83 7A 73 FF FF FF FF FF FF FF FF 18 69 40 56 99 65 CF 69 51 C0 8F BB 72 E2 36 C0 0B 00 00 00 00 00 00 00 01 00 00 00 00 00 00 00 00 00 00 00 00 00 00 00 01 00 00 00 01 00 00 00 00 00 00 00 01 00 00 00 00 00 00 00 00 00 00 00 00 00 00 00 04 00 00 00 00 00 00 00 00 06 09 02 05 04 81 03 01 02 02 01 01 00 00 00 01 00 00 00 00 00 00 00 03 00 00 00 00 00 00 00 00 00 00 00 01 00 00 00 00 00 00 00 00 00 00 00 05 00 00 00 00 00 00 00 00 00 00 00 00 00 00 00 00 03 02 00 00 00 00 00 00 00 04 00 00 00 00 00 00 00 00 00 00 00 00 00 00 00 00 00

Replace:

00 00 00 00 AF 02 00 00 08 00 00 00 00 00 00 00 00 22 00 80 D2 04 00 00 C3 01 00 00 C3 01 00 00 EB 01 00 00 7B 02 00 00 9B 02 00 00 09 00 00 00 25 01 00 00 00 00 64 C1 00 00 00 00 00 00 00 00 00 00 00 00 00 00 00 00 00 00 00 3E 5C 84 C5 29 DF 2A 13 2A 9F DB 75 B7 55 11 11 B0 3E 19 84 84 56 98 AE EF 49 77 72 88 86 14 98 7C 39 2A 35 BA ED A8 A8 7A 16 2A 65 C7 83 C6 1F A4 21 3F C6 3A CB 31 D9 A4 00 0A 00 0C 00 64 00 1F 00 26 00 04 00 1B 00 0D 00 3A 2F 47 61 6D 65 2F 57 73 6C 74 2F 47 61 6D 65 2F 67 69 74 68 75 62 2F 47 61 6D 65 2F 43 68 61 72 61 63 74 65 72 73 2F 50 6C 61 79 65 72 2F 46 65 6D 61 6C 65 2F 4D 65 64 69 75 6D 2F 42 6F 64 69 65 73 2F 46 5F 4D 45 44 5F 50 72 69 6D 65 2F 4D 65 73 68 65 73 2F 46 5F 4D 45 44 5F 50 72 69 6D 65 5F 53 6B 65 6C 65 74 6F 6E 5F 41 6E 69 6D 42 6C 75 65 70 72 69 6E 74 5F 41 63 6F 6D 2F 43 6F 64 65 57 73 6C 74 2F 46 6F 72 74 6E 69 74 65 2D 48 65 78 2D 53 77 61 70 73 46 5F 4D 45 44 5F 50 72 69 6D 65 5F 53 6B 65 6C 65 74 6F 6E 5F 41 6E 69 6D 42 6C 75 65 70 72 69 6E 74 5F 41 5F 43 57 73 6C 74 43 75 73 74 6F 6D 43 68 61 72 61 63 74 65 72 42 6F 64 79 50 61 72 74 44 61 74 61 43 72 65 61 74 65 64 42 79 57 73 6C 74 2F 47 61 6D 65 2F 41 74 68 65 6E 61 2F 48 65 72 6F 65 73 2F 4D 65 73 68 65 73 2F 42 6F 64 69 65 73 2F 43 50 5F 41 74 68 65 6E 61 5F 42 6F 64 79 5F 46 5F 50 72 69 6D 65 5F 41 00 00 00 00 00 00 00 00 54 7B 85 0C 2D 3A EC 7B 7E A2 42 63 10 83 7A 73 E9 71 0B B6 57 37 B4 79 18 69 40 56 99 65 CF 69 E3 22 58 A5 6D 55 F8 70 D2 04 00 00 00 00 00 00 1A 00 00 00 00 00 00 00 06 00 00 00 01 00 00 00 01 00 00 00 00 00 00 00 54 7B 85 0C 2D 3A EC 7B FF FF FF FF FF FF FF FF E9 71 0B B6 57 37 B4 79 00 00 00 00 00 00 00 00 00 00 00 00 00 00 00 00 EC 04 00 00 00 00 00 00 40 00 00 00 00 00 00 00 07 00 00 00 00 00 00 00 FF FF FF FF FF FF FF FF 7E A2 42 63 10 83 7A 73 FF FF FF FF FF FF FF FF 18 69 40 56 99 65 CF 69 51 C0 8F BB 72 E2 36 C0 0B 00 00 00 00 00 00 00 01 00 00 00 00 00 00 00 00 00 00 00 00 00 00 00 01 00 00 00 01 00 00 00 00 00 00 00 01 00 00 00 00 00 00 00 00 00 00 00 00 00 00 00 04 00 00 00 00 00 00 00 00 06 09 02 05 04 81 03 01 02 02 01 01 00 00 00 01 00 00 00 00 00 00 00 03 00 00 00 00 00 00 00 00 00 00 00 01 00 00 00 00 00 00 00 00 00 00 00 05 00 00 00 00 00 00 00 00 00 00 00 00 00 00 00 00 03 02 00 00 00 00 00 00 00 04 00 00 00 00 00 00 00 00 00 00 00 00 00 00 00 00 00 00 00 00 00 00 00 00 00 00 00 00 00 00 00 00 00 00 00 00 00 00 00 00 00 00 00 00 00 00 00 00 00 00 00 00 00 00 00 00 00 00 00 00 00 00 00 00 00 00 00 00 00 00 00 00 00 00 00 00 00 00 00 00 00 00 00 00 00 00 00 00 00 00 00 00 00 00 00 00 00 00 00 00 00 00 00 00 00 00 00 00 00 00 00 00 00 00 00 00 00 00 00 00 00 00 00 00 00 00 00 00 00 00 00 00 00 00 00 00 00 00 00 00 00 00 00 00 00 00 00 00

----------------------------------------

Search (pakchunk10-WindowsClient_s1.ucas):

00 00 00 00 30 03 00 00 08 00 00 00 00 00 00 00 00 22 00 80 53 05 00 00 44 02 00 00 44 02 00 00 6C 02 00 00 FC 02 00 00 1C 03 00 00 09 00 00 00 A6 01 00 00 00 00 64 C1 00 00 00 00 DA 19 08 98 2C 90 E2 24 EC 8C 8B 40 0B 00 A6 3E 60 B4 8C 5A FC 0F 5E C7 9F DB 75 B7 55 11 11 B0 12 93 A6 64 BB 09 C4 98 49 77 72 88 86 14 98 7C 39 2A 35 BA ED A8 A8 7A B3 45 3F 60 FB 56 66 7F 3A B3 DA 1D E9 13 2E CB 00 44 00 4B 00 62 00 0B 00 24 00 19 00 1B 00 18 00 3A 2F 47 61 6D 65 2F 43 68 61 72 61 63 74 65 72 73 2F 50 6C 61 79 65 72 2F 46 65 6D 61 6C 65 2F 4D 65 64 69 75 6D 2F 42 61 73 65 2F 53 4B 5F 4D 5F 46 65 6D 61 6C 65 5F 42 61 73 65 5F 53 6B 65 6C 65 74 6F 6E 2F 47 61 6D 65 2F 43 68 61 72 61 63 74 65 72 73 2F 50 6C 61 79 65 72 2F 46 65 6D 61 6C 65 2F 4D 65 64 69 75 6D 2F 42 6F 64 69 65 73 2F 46 5F 4D 45 44 5F 50 72 69 6D 65 2F 4D 65 73 68 65 73 2F 46 5F 4D 45 44 5F 50 72 69 6D 65 2F 47 61 6D 65 2F 43 68 61 72 61 63 74 65 72 73 2F 50 6C 61 79 65 72 2F 46 65 6D 61 6C 65 2F 4D 65 64 69 75 6D 2F 42 6F 64 69 65 73 2F 46 5F 4D 45 44 5F 50 72 69 6D 65 2F 4D 65 73 68 65 73 2F 46 5F 4D 45 44 5F 50 72 69 6D 65 5F 53 6B 65 6C 65 74 6F 6E 5F 41 6E 69 6D 42 6C 75 65 70 72 69 6E 74 46 5F 4D 45 44 5F 50 72 69 6D 65 46 5F 4D 45 44 5F 50 72 69 6D 65 5F 53 6B 65 6C 65 74 6F 6E 5F 41 6E 69 6D 42 6C 75 65 70 72 69 6E 74 5F 43 53 4B 5F 4D 5F 46 65 6D 61 6C 65 5F 42 61 73 65 5F 53 6B 65 6C 65 74 6F 6E 43 75 73 74 6F 6D 43 68 61 72 61 63 74 65 72 42 6F 64 79 50 61 72 74 44 61 74 61 43 50 5F 41 74 68 65 6E 61 5F 42 6F 64 79 5F 46 5F 50 72 69 6D 65 5F 42 2F 47 61 6D 65 2F 41 74 68 65 6E 61 2F 48 65 72 6F 65 73 2F 4D 65 73 68 65 73 2F 42 6F 64 69 65 73 2F 43 50 5F 41 74 68 65 6E 61 5F 42 6F 64 79 5F 46 5F 50 72 69 6D 65 5F 42 00 00 00 00 00 00 00 00 54 7B 85 0C 2D 3A EC 7B 7E A2 42 63 10 83 7A 73 E9 71 0B B6 57 37 B4 79 18 69 40 56 99 65 CF 69 E3 22 58 A5 6D 55 F8 70 53 05 00 00 00 00 00 00 1A 00 00 00 00 00 00 00 06 00 00 00 01 00 00 00 01 00 00 00 00 00 00 00 54 7B 85 0C 2D 3A EC 7B FF FF FF FF FF FF FF FF E9 71 0B B6 57 37 B4 79 00 00 00 00 00 00 00 00 00 00 00 00 00 00 00 00 6D 05 00 00 00 00 00 00 40 00 00 00 00 00 00 00 07 00 00 00 00 00 00 00 FF FF FF FF FF FF FF FF 7E A2 42 63 10 83 7A 73 FF FF FF FF FF FF FF FF 18 69 40 56 99 65 CF 69 80 DA 44 D0 33 46 E0 B2 0B 00 00 00 00 00 00 00 01 00 00 00 00 00 00 00 00 00 00 00 00 00 00 00 01 00 00 00 01 00 00 00 00 00 00 00 01 00 00 00 00 00 00 00 00 00 00 00 00 00 00 00 04 00 00 00 00 00 00 00 00 06 09 02 05 04 81 03 01 02 02 01 01 00 00 00 01 00 00 00 00 00 00 00 03 00 00 00 00 00 00 00 00 00 00 00 01 00 00 00 00 00 00 00 00 00 00 00 05 00 00 00 00 00 00 00 00 00 00 00 00 00 00 00 00 03 02 00 00 00 00 00 00 00 04 00 00 00 00 00 00 00 00 00 00 00 00 00 00 00 00 00 00 00 30 03

Replace:

00 00 00 00 AB 02 00 00 08 00 00 00 00 00 00 00 00 22 00 80 CE 04 00 00 BF 01 00 00 BF 01 00 00 E7 01 00 00 77 02 00 00 97 02 00 00 09 00 00 00 21 01 00 00 00 00 64 C1 00 00 00 00 00 00 00 00 00 00 00 00 00 00 00 00 00 00 00 3E 60 B4 8C 5A FC 0F 5E C7 9F DB 75 B7 55 11 11 B0 12 93 A6 64 BB 09 C4 98 49 77 72 88 86 14 98 7C 39 2A 35 BA ED A8 A8 7A B3 45 3F 60 FB 56 66 7F 3A B3 DA 1D E9 13 2E CB 00 0A 00 0C 00 62 00 1F 00 24 00 04 00 1B 00 0D 00 3A 2F 47 61 6D 65 2F 57 73 6C 74 2F 47 61 6D 65 2F 67 69 74 68 75 62 2F 47 61 6D 65 2F 43 68 61 72 61 63 74 65 72 73 2F 50 6C 61 79 65 72 2F 46 65 6D 61 6C 65 2F 4D 65 64 69 75 6D 2F 42 6F 64 69 65 73 2F 46 5F 4D 45 44 5F 50 72 69 6D 65 2F 4D 65 73 68 65 73 2F 46 5F 4D 45 44 5F 50 72 69 6D 65 5F 53 6B 65 6C 65 74 6F 6E 5F 41 6E 69 6D 42 6C 75 65 70 72 69 6E 74 63 6F 6D 2F 43 6F 64 65 57 73 6C 74 2F 46 6F 72 74 6E 69 74 65 2D 48 65 78 2D 53 77 61 70 73 46 5F 4D 45 44 5F 50 72 69 6D 65 5F 53 6B 65 6C 65 74 6F 6E 5F 41 6E 69 6D 42 6C 75 65 70 72 69 6E 74 5F 43 57 73 6C 74 43 75 73 74 6F 6D 43 68 61 72 61 63 74 65 72 42 6F 64 79 50 61 72 74 44 61 74 61 43 72 65 61 74 65 64 42 79 57 73 6C 74 2F 47 61 6D 65 2F 41 74 68 65 6E 61 2F 48 65 72 6F 65 73 2F 4D 65 73 68 65 73 2F 42 6F 64 69 65 73 2F 43 50 5F 41 74 68 65 6E 61 5F 42 6F 64 79 5F 46 5F 50 72 69 6D 65 5F 42 00 00 00 00 00 00 00 00 54 7B 85 0C 2D 3A EC 7B 7E A2 42 63 10 83 7A 73 E9 71 0B B6 57 37 B4 79 18 69 40 56 99 65 CF 69 E3 22 58 A5 6D 55 F8 70 CE 04 00 00 00 00 00 00 1A 00 00 00 00 00 00 00 06 00 00 00 01 00 00 00 01 00 00 00 00 00 00 00 54 7B 85 0C 2D 3A EC 7B FF FF FF FF FF FF FF FF E9 71 0B B6 57 37 B4 79 00 00 00 00 00 00 00 00 00 00 00 00 00 00 00 00 E8 04 00 00 00 00 00 00 40 00 00 00 00 00 00 00 07 00 00 00 00 00 00 00 FF FF FF FF FF FF FF FF 7E A2 42 63 10 83 7A 73 FF FF FF FF FF FF FF FF 18 69 40 56 99 65 CF 69 80 DA 44 D0 33 46 E0 B2 0B 00 00 00 00 00 00 00 01 00 00 00 00 00 00 00 00 00 00 00 00 00 00 00 01 00 00 00 01 00 00 00 00 00 00 00 01 00 00 00 00 00 00 00 00 00 00 00 00 00 00 00 04 00 00 00 00 00 00 00 00 06 09 02 05 04 81 03 01 02 02 01 01 00 00 00 01 00 00 00 00 00 00 00 03 00 00 00 00 00 00 00 00 00 00 00 01 00 00 00 00 00 00 00 00 00 00 00 05 00 00 00 00 00 00 00 00 00 00 00 00 00 00 00 00 03 02 00 00 00 00 00 00 00 04 00 00 00 00 00 00 00 00 00 00 00 00 00 00 00 00 00 00 00 00 00 00 00 00 00 00 00 00 00 00 00 00 00 00 00 00 00 00 00 00 00 00 00 00 00 00 00 00 00 00 00 00 00 00 00 00 00 00 00 00 00 00 00 00 00 00 00 00 00 00 00 00 00 00 00 00 00 00 00 00 00 00 00 00 00 00 00 00 00 00 00 00 00 00 00 00 00 00 00 00 00 00 00 00 00 00 00 00 00 00 00 00 00 00 00 00 00 00 00 00 00 00 00 00 00 00 00 00 00 00 00 00 00 00 00 00 00 00 00 00 00 00 00 00 00 00 00 00

----------------------------------------

Search (pakchunk10-WindowsClient_s1.ucas):

00 00 00 00 30 03 00 00 08 00 00 00 00 00 00 00 00 22 00 80 53 05 00 00 44 02 00 00 44 02 00 00 6C 02 00 00 FC 02 00 00 1C 03 00 00 09 00 00 00 A6 01 00 00 00 00 64 C1 00 00 00 00 DA 19 08 98 2C 90 E2 24 EC 8C 8B 40 0B 00 A6 3E 60 B4 8C 5A FC 0F 5E C7 9F DB 75 B7 55 11 11 B0 12 93 A6 64 BB 09 C4 98 49 77 72 88 86 14 98 7C 39 2A 35 BA ED A8 A8 7A 52 15 80 73 FC 07 28 F7 16 32 68 1C D3 2F F1 50 00 44 00 4B 00 62 00 0B 00 24 00 19 00 1B 00 18 00 3A 2F 47 61 6D 65 2F 43 68 61 72 61 63 74 65 72 73 2F 50 6C 61 79 65 72 2F 46 65 6D 61 6C 65 2F 4D 65 64 69 75 6D 2F 42 61 73 65 2F 53 4B 5F 4D 5F 46 65 6D 61 6C 65 5F 42 61 73 65 5F 53 6B 65 6C 65 74 6F 6E 2F 47 61 6D 65 2F 43 68 61 72 61 63 74 65 72 73 2F 50 6C 61 79 65 72 2F 46 65 6D 61 6C 65 2F 4D 65 64 69 75 6D 2F 42 6F 64 69 65 73 2F 46 5F 4D 45 44 5F 50 72 69 6D 65 2F 4D 65 73 68 65 73 2F 46 5F 4D 45 44 5F 50 72 69 6D 65 2F 47 61 6D 65 2F 43 68 61 72 61 63 74 65 72 73 2F 50 6C 61 79 65 72 2F 46 65 6D 61 6C 65 2F 4D 65 64 69 75 6D 2F 42 6F 64 69 65 73 2F 46 5F 4D 45 44 5F 50 72 69 6D 65 2F 4D 65 73 68 65 73 2F 46 5F 4D 45 44 5F 50 72 69 6D 65 5F 53 6B 65 6C 65 74 6F 6E 5F 41 6E 69 6D 42 6C 75 65 70 72 69 6E 74 46 5F 4D 45 44 5F 50 72 69 6D 65 46 5F 4D 45 44 5F 50 72 69 6D 65 5F 53 6B 65 6C 65 74 6F 6E 5F 41 6E 69 6D 42 6C 75 65 70 72 69 6E 74 5F 43 53 4B 5F 4D 5F 46 65 6D 61 6C 65 5F 42 61 73 65 5F 53 6B 65 6C 65 74 6F 6E 43 75 73 74 6F 6D 43 68 61 72 61 63 74 65 72 42 6F 64 79 50 61 72 74 44 61 74 61 43 50 5F 41 74 68 65 6E 61 5F 42 6F 64 79 5F 46 5F 50 72 69 6D 65 5F 43 2F 47 61 6D 65 2F 41 74 68 65 6E 61 2F 48 65 72 6F 65 73 2F 4D 65 73 68 65 73 2F 42 6F 64 69 65 73 2F 43 50 5F 41 74 68 65 6E 61 5F 42 6F 64 79 5F 46 5F 50 72 69 6D 65 5F 43 00 00 00 00 00 00 00 00 54 7B 85 0C 2D 3A EC 7B 7E A2 42 63 10 83 7A 73 E9 71 0B B6 57 37 B4 79 18 69 40 56 99 65 CF 69 E3 22 58 A5 6D 55 F8 70 53 05 00 00 00 00 00 00 1A 00 00 00 00 00 00 00 06 00 00 00 01 00 00 00 01 00 00 00 00 00 00 00 54 7B 85 0C 2D 3A EC 7B FF FF FF FF FF FF FF FF E9 71 0B B6 57 37 B4 79 00 00 00 00 00 00 00 00 00 00 00 00 00 00 00 00 6D 05 00 00 00 00 00 00 40 00 00 00 00 00 00 00 07 00 00 00 00 00 00 00 FF FF FF FF FF FF FF FF 7E A2 42 63 10 83 7A 73 FF FF FF FF FF FF FF FF 18 69 40 56 99 65 CF 69 71 17 4A A2 35 CC 76 E6 0B 00 00 00 00 00 00 00 01 00 00 00 00 00 00 00 00 00 00 00 00 00 00 00 01 00 00 00 01 00 00 00 00 00 00 00 01 00 00 00 00 00 00 00 00 00 00 00 00 00 00 00 04 00 00 00 00 00 00 00 00 06 09 02 05 04 81 03 01 02 02 01 01 00 00 00 01 00 00 00 00 00 00 00 03 00 00 00 00 00 00 00 00 00 00 00 01 00 00 00 00 00 00 00 00 00 00 00 05 00 00 00 00 00 00 00 00 00 00 00 00 00 00 00 00 03 02 00 00 00 00 00 00 00 04 00 00 00 00 00 00 00 00 00 00 00 00 00 00 00 00 00 00 00 30 03

Replace:

00 00 00 00 AB 02 00 00 08 00 00 00 00 00 00 00 00 22 00 80 CE 04 00 00 BF 01 00 00 BF 01 00 00 E7 01 00 00 77 02 00 00 97 02 00 00 09 00 00 00 21 01 00 00 00 00 64 C1 00 00 00 00 00 00 00 00 00 00 00 00 00 00 00 00 00 00 00 3E 60 B4 8C 5A FC 0F 5E C7 9F DB 75 B7 55 11 11 B0 12 93 A6 64 BB 09 C4 98 49 77 72 88 86 14 98 7C 39 2A 35 BA ED A8 A8 7A 52 15 80 73 FC 07 28 F7 16 32 68 1C D3 2F F1 50 00 0A 00 0C 00 62 00 1F 00 24 00 04 00 1B 00 0D 00 3A 2F 47 61 6D 65 2F 57 73 6C 74 2F 47 61 6D 65 2F 67 69 74 68 75 62 2F 47 61 6D 65 2F 43 68 61 72 61 63 74 65 72 73 2F 50 6C 61 79 65 72 2F 46 65 6D 61 6C 65 2F 4D 65 64 69 75 6D 2F 42 6F 64 69 65 73 2F 46 5F 4D 45 44 5F 50 72 69 6D 65 2F 4D 65 73 68 65 73 2F 46 5F 4D 45 44 5F 50 72 69 6D 65 5F 53 6B 65 6C 65 74 6F 6E 5F 41 6E 69 6D 42 6C 75 65 70 72 69 6E 74 63 6F 6D 2F 43 6F 64 65 57 73 6C 74 2F 46 6F 72 74 6E 69 74 65 2D 48 65 78 2D 53 77 61 70 73 46 5F 4D 45 44 5F 50 72 69 6D 65 5F 53 6B 65 6C 65 74 6F 6E 5F 41 6E 69 6D 42 6C 75 65 70 72 69 6E 74 5F 43 57 73 6C 74 43 75 73 74 6F 6D 43 68 61 72 61 63 74 65 72 42 6F 64 79 50 61 72 74 44 61 74 61 43 72 65 61 74 65 64 42 79 57 73 6C 74 2F 47 61 6D 65 2F 41 74 68 65 6E 61 2F 48 65 72 6F 65 73 2F 4D 65 73 68 65 73 2F 42 6F 64 69 65 73 2F 43 50 5F 41 74 68 65 6E 61 5F 42 6F 64 79 5F 46 5F 50 72 69 6D 65 5F 43 00 00 00 00 00 00 00 00 54 7B 85 0C 2D 3A EC 7B 7E A2 42 63 10 83 7A 73 E9 71 0B B6 57 37 B4 79 18 69 40 56 99 65 CF 69 E3 22 58 A5 6D 55 F8 70 CE 04 00 00 00 00 00 00 1A 00 00 00 00 00 00 00 06 00 00 00 01 00 00 00 01 00 00 00 00 00 00 00 54 7B 85 0C 2D 3A EC 7B FF FF FF FF FF FF FF FF E9 71 0B B6 57 37 B4 79 00 00 00 00 00 00 00 00 00 00 00 00 00 00 00 00 E8 04 00 00 00 00 00 00 40 00 00 00 00 00 00 00 07 00 00 00 00 00 00 00 FF FF FF FF FF FF FF FF 7E A2 42 63 10 83 7A 73 FF FF FF FF FF FF FF FF 18 69 40 56 99 65 CF 69 71 17 4A A2 35 CC 76 E6 0B 00 00 00 00 00 00 00 01 00 00 00 00 00 00 00 00 00 00 00 00 00 00 00 01 00 00 00 01 00 00 00 00 00 00 00 01 00 00 00 00 00 00 00 00 00 00 00 00 00 00 00 04 00 00 00 00 00 00 00 00 06 09 02 05 04 81 03 01 02 02 01 01 00 00 00 01 00 00 00 00 00 00 00 03 00 00 00 00 00 00 00 00 00 00 00 01 00 00 00 00 00 00 00 00 00 00 00 05 00 00 00 00 00 00 00 00 00 00 00 00 00 00 00 00 03 02 00 00 00 00 00 00 00 04 00 00 00 00 00 00 00 00 00 00 00 00 00 00 00 00 00 00 00 00 00 00 00 00 00 00 00 00 00 00 00 00 00 00 00 00 00 00 00 00 00 00 00 00 00 00 00 00 00 00 00 00 00 00 00 00 00 00 00 00 00 00 00 00 00 00 00 00 00 00 00 00 00 00 00 00 00 00 00 00 00 00 00 00 00 00 00 00 00 00 00 00 00 00 00 00 00 00 00 00 00 00 00 00 00 00 00 00 00 00 00 00 00 00 00 00 00 00 00 00 00 00 00 00 00 00 00 00 00 00 00 00 00 00 00 00 00 00 00 00 00 00 00 00 00 00 00 00

----------------------------------------

Search (pakchunk10-WindowsClient_s1.ucas):

00 00 00 00 2C 03 00 00 08 00 00 00 00 00 00 00 00 22 00 80 4D 05 00 00 40 02 00 00 40 02 00 00 68 02 00 00 F8 02 00 00 18 03 00 00 09 00 00 00 A2 01 00 00 00 00 64 C1 00 00 00 00 DA 19 08 98 2C 90 E2 24 EC 8C 8B 40 0B 00 A6 3E 60 B4 8C 5A FC 0F 5E C7 9F DB 75 B7 55 11 11 B0 12 93 A6 64 BB 09 C4 98 49 77 72 88 86 14 98 7C 39 2A 35 BA ED A8 A8 7A 1C 56 B5 D9 CC A4 78 3F F4 46 4C D6 06 3A 91 1D 00 44 00 4B 00 62 00 0B 00 24 00 19 00 1B 00 16 00 38 2F 47 61 6D 65 2F 43 68 61 72 61 63 74 65 72 73 2F 50 6C 61 79 65 72 2F 46 65 6D 61 6C 65 2F 4D 65 64 69 75 6D 2F 42 61 73 65 2F 53 4B 5F 4D 5F 46 65 6D 61 6C 65 5F 42 61 73 65 5F 53 6B 65 6C 65 74 6F 6E 2F 47 61 6D 65 2F 43 68 61 72 61 63 74 65 72 73 2F 50 6C 61 79 65 72 2F 46 65 6D 61 6C 65 2F 4D 65 64 69 75 6D 2F 42 6F 64 69 65 73 2F 46 5F 4D 45 44 5F 50 72 69 6D 65 2F 4D 65 73 68 65 73 2F 46 5F 4D 45 44 5F 50 72 69 6D 65 2F 47 61 6D 65 2F 43 68 61 72 61 63 74 65 72 73 2F 50 6C 61 79 65 72 2F 46 65 6D 61 6C 65 2F 4D 65 64 69 75 6D 2F 42 6F 64 69 65 73 2F 46 5F 4D 45 44 5F 50 72 69 6D 65 2F 4D 65 73 68 65 73 2F 46 5F 4D 45 44 5F 50 72 69 6D 65 5F 53 6B 65 6C 65 74 6F 6E 5F 41 6E 69 6D 42 6C 75 65 70 72 69 6E 74 46 5F 4D 45 44 5F 50 72 69 6D 65 46 5F 4D 45 44 5F 50 72 69 6D 65 5F 53 6B 65 6C 65 74 6F 6E 5F 41 6E 69 6D 42 6C 75 65 70 72 69 6E 74 5F 43 53 4B 5F 4D 5F 46 65 6D 61 6C 65 5F 42 61 73 65 5F 53 6B 65 6C 65 74 6F 6E 43 75 73 74 6F 6D 43 68 61 72 61 63 74 65 72 42 6F 64 79 50 61 72 74 44 61 74 61 43 50 5F 41 74 68 65 6E 61 5F 42 6F 64 79 5F 46 5F 50 72 69 6D 65 2F 47 61 6D 65 2F 41 74 68 65 6E 61 2F 48 65 72 6F 65 73 2F 4D 65 73 68 65 73 2F 42 6F 64 69 65 73 2F 43 50 5F 41 74 68 65 6E 61 5F 42 6F 64 79 5F 46 5F 50 72 69 6D 65 00 00 00 00 00 00 00 00 54 7B 85 0C 2D 3A EC 7B 7E A2 42 63 10 83 7A 73 E9 71 0B B6 57 37 B4 79 18 69 40 56 99 65 CF 69 E3 22 58 A5 6D 55 F8 70 4D 05 00 00 00 00 00 00 1A 00 00 00 00 00 00 00 06 00 00 00 01 00 00 00 01 00 00 00 00 00 00 00 54 7B 85 0C 2D 3A EC 7B FF FF FF FF FF FF FF FF E9 71 0B B6 57 37 B4 79 00 00 00 00 00 00 00 00 00 00 00 00 00 00 00 00 67 05 00 00 00 00 00 00 3D 00 00 00 00 00 00 00 07 00 00 00 00 00 00 00 FF FF FF FF FF FF FF FF 7E A2 42 63 10 83 7A 73 FF FF FF FF FF FF FF FF 18 69 40 56 99 65 CF 69 86 45 95 25 FC F9 93 21 0B 00 00 00 00 00 00 00 01 00 00 00 00 00 00 00 00 00 00 00 00 00 00 00 01 00 00 00 01 00 00 00 00 00 00 00 01 00 00 00 00 00 00 00 00 00 00 00 00 00 00 00 04 00 00 00 00 00 00 00 00 06 09 02 05 05 02 02 01 01 00 00 00 01 00 00 00 00 00 00 00 03 00 00 00 00 00 00 00 00 00 00 00 01 00 00 00 00 00 00 00 00 00 00 00 05 00 00 00 00 00 00 00 00 00 00 00 00 00 00 00 00 03 02 00 00 00 00 00 00 00 04 00 00 00 00 00 00 00 00 00 00 00 00 00 00 00 00 00 00 00 2C 03 00 00 08 00 00 00 00

Replace:

00 00 00 00 A9 02 00 00 08 00 00 00 00 00 00 00 00 22 00 80 CA 04 00 00 BD 01 00 00 BD 01 00 00 E5 01 00 00 75 02 00 00 95 02 00 00 09 00 00 00 1F 01 00 00 00 00 64 C1 00 00 00 00 00 00 00 00 00 00 00 00 00 00 00 00 00 00 00 3E 60 B4 8C 5A FC 0F 5E C7 9F DB 75 B7 55 11 11 B0 12 93 A6 64 BB 09 C4 98 49 77 72 88 86 14 98 7C 39 2A 35 BA ED A8 A8 7A 1C 56 B5 D9 CC A4 78 3F F4 46 4C D6 06 3A 91 1D 00 0A 00 0C 00 62 00 1F 00 24 00 04 00 1B 00 0D 00 38 2F 47 61 6D 65 2F 57 73 6C 74 2F 47 61 6D 65 2F 67 69 74 68 75 62 2F 47 61 6D 65 2F 43 68 61 72 61 63 74 65 72 73 2F 50 6C 61 79 65 72 2F 46 65 6D 61 6C 65 2F 4D 65 64 69 75 6D 2F 42 6F 64 69 65 73 2F 46 5F 4D 45 44 5F 50 72 69 6D 65 2F 4D 65 73 68 65 73 2F 46 5F 4D 45 44 5F 50 72 69 6D 65 5F 53 6B 65 6C 65 74 6F 6E 5F 41 6E 69 6D 42 6C 75 65 70 72 69 6E 74 63 6F 6D 2F 43 6F 64 65 57 73 6C 74 2F 46 6F 72 74 6E 69 74 65 2D 48 65 78 2D 53 77 61 70 73 46 5F 4D 45 44 5F 50 72 69 6D 65 5F 53 6B 65 6C 65 74 6F 6E 5F 41 6E 69 6D 42 6C 75 65 70 72 69 6E 74 5F 43 57 73 6C 74 43 75 73 74 6F 6D 43 68 61 72 61 63 74 65 72 42 6F 64 79 50 61 72 74 44 61 74 61 43 72 65 61 74 65 64 42 79 57 73 6C 74 2F 47 61 6D 65 2F 41 74 68 65 6E 61 2F 48 65 72 6F 65 73 2F 4D 65 73 68 65 73 2F 42 6F 64 69 65 73 2F 43 50 5F 41 74 68 65 6E 61 5F 42 6F 64 79 5F 46 5F 50 72 69 6D 65 00 00 00 00 00 00 00 00 54 7B 85 0C 2D 3A EC 7B 7E A2 42 63 10 83 7A 73 E9 71 0B B6 57 37 B4 79 18 69 40 56 99 65 CF 69 E3 22 58 A5 6D 55 F8 70 CA 04 00 00 00 00 00 00 1A 00 00 00 00 00 00 00 06 00 00 00 01 00 00 00 01 00 00 00 00 00 00 00 54 7B 85 0C 2D 3A EC 7B FF FF FF FF FF FF FF FF E9 71 0B B6 57 37 B4 79 00 00 00 00 00 00 00 00 00 00 00 00 00 00 00 00 E4 04 00 00 00 00 00 00 3D 00 00 00 00 00 00 00 07 00 00 00 00 00 00 00 FF FF FF FF FF FF FF FF 7E A2 42 63 10 83 7A 73 FF FF FF FF FF FF FF FF 18 69 40 56 99 65 CF 69 86 45 95 25 FC F9 93 21 0B 00 00 00 00 00 00 00 01 00 00 00 00 00 00 00 00 00 00 00 00 00 00 00 01 00 00 00 01 00 00 00 00 00 00 00 01 00 00 00 00 00 00 00 00 00 00 00 00 00 00 00 04 00 00 00 00 00 00 00 00 06 09 02 05 05 02 02 01 01 00 00 00 01 00 00 00 00 00 00 00 03 00 00 00 00 00 00 00 00 00 00 00 01 00 00 00 00 00 00 00 00 00 00 00 05 00 00 00 00 00 00 00 00 00 00 00 00 00 00 00 00 03 02 00 00 00 00 00 00 00 04 00 00 00 00 00 00 00 00 00 00 00 00 00 00 00 00 00 00 00 00 00 00 00 00 00 00 00 00 00 00 00 00 00 00 00 00 00 00 00 00 00 00 00 00 00 00 00 00 00 00 00 00 00 00 00 00 00 00 00 00 00 00 00 00 00 00 00 00 00 00 00 00 00 00 00 00 00 00 00 00 00 00 00 00 00 00 00 00 00 00 00 00 00 00 00 00 00 00 00 00 00 00 00 00 00 00 00 00 00 00 00 00 00 00 00 00 00 00 00 00 00 00 00 00 00 00 00 00 00 00 00 00 00 00 00 00 00 00 00 00 00 00 00 00 00 00

----------------------------------------

Search (pakchunk10-WindowsClient_s1.ucas):

00 00 00 00 34 03 00 00 08 00 00 00 00 00 00 00 00 22 00 80 57 05 00 00 48 02 00 00 48 02 00 00 70 02 00 00 00 03 00 00 20 03 00 00 09 00 00 00 AA 01 00 00 00 00 64 C1 00 00 00 00 DA 19 08 98 2C 90 E2 24 EC 8C 8B 40 0B 00 A6 3E 9A 8A A4 44 E3 CF 5D DB 9F DB 75 B7 55 11 11 B0 D8 9C 33 81 1D 04 A0 98 49 77 72 88 86 14 98 7C 39 2A 35 BA ED A8 A8 7A 80 39 1C 5A 03 96 25 B9 DF 79 79 DE DA 64 4D 9B 00 44 00 4B 00 64 00 0B 00 26 00 19 00 1B 00 18 00 3A 2F 47 61 6D 65 2F 43 68 61 72 61 63 74 65 72 73 2F 50 6C 61 79 65 72 2F 46 65 6D 61 6C 65 2F 4D 65 64 69 75 6D 2F 42 61 73 65 2F 53 4B 5F 4D 5F 46 65 6D 61 6C 65 5F 42 61 73 65 5F 53 6B 65 6C 65 74 6F 6E 2F 47 61 6D 65 2F 43 68 61 72 61 63 74 65 72 73 2F 50 6C 61 79 65 72 2F 46 65 6D 61 6C 65 2F 4D 65 64 69 75 6D 2F 42 6F 64 69 65 73 2F 46 5F 4D 45 44 5F 50 72 69 6D 65 2F 4D 65 73 68 65 73 2F 46 5F 4D 45 44 5F 50 72 69 6D 65 2F 47 61 6D 65 2F 43 68 61 72 61 63 74 65 72 73 2F 50 6C 61 79 65 72 2F 46 65 6D 61 6C 65 2F 4D 65 64 69 75 6D 2F 42 6F 64 69 65 73 2F 46 5F 4D 45 44 5F 50 72 69 6D 65 2F 4D 65 73 68 65 73 2F 46 5F 4D 45 44 5F 50 72 69 6D 65 5F 53 6B 65 6C 65 74 6F 6E 5F 41 6E 69 6D 42 6C 75 65 70 72 69 6E 74 5F 45 46 5F 4D 45 44 5F 50 72 69 6D 65 46 5F 4D 45 44 5F 50 72 69 6D 65 5F 53 6B 65 6C 65 74 6F 6E 5F 41 6E 69 6D 42 6C 75 65 70 72 69 6E 74 5F 45 5F 43 53 4B 5F 4D 5F 46 65 6D 61 6C 65 5F 42 61 73 65 5F 53 6B 65 6C 65 74 6F 6E 43 75 73 74 6F 6D 43 68 61 72 61 63 74 65 72 42 6F 64 79 50 61 72 74 44 61 74 61 43 50 5F 41 74 68 65 6E 61 5F 42 6F 64 79 5F 46 5F 50 72 69 6D 65 5F 45 2F 47 61 6D 65 2F 41 74 68 65 6E 61 2F 48 65 72 6F 65 73 2F 4D 65 73 68 65 73 2F 42 6F 64 69 65 73 2F 43 50 5F 41 74 68 65 6E 61 5F 42 6F 64 79 5F 46 5F 50 72 69 6D 65 5F 45 00 00 00 00 00 00 00 00 54 7B 85 0C 2D 3A EC 7B 7E A2 42 63 10 83 7A 73 E9 71 0B B6 57 37 B4 79 18 69 40 56 99 65 CF 69 E3 22 58 A5 6D 55 F8 70 57 05 00 00 00 00 00 00 1A 00 00 00 00 00 00 00 06 00 00 00 01 00 00 00 01 00 00 00 00 00 00 00 54 7B 85 0C 2D 3A EC 7B FF FF FF FF FF FF FF FF E9 71 0B B6 57 37 B4 79 00 00 00 00 00 00 00 00 00 00 00 00 00 00 00 00 71 05 00 00 00 00 00 00 40 00 00 00 00 00 00 00 07 00 00 00 00 00 00 00 FF FF FF FF FF FF FF FF 7E A2 42 63 10 83 7A 73 FF FF FF FF FF FF FF FF 18 69 40 56 99 65 CF 69 B9 A5 B9 53 80 8C 46 52 0B 00 00 00 00 00 00 00 01 00 00 00 00 00 00 00 00 00 00 00 00 00 00 00 01 00 00 00 01 00 00 00 00 00 00 00 01 00 00 00 00 00 00 00 00 00 00 00 00 00 00 00 04 00 00 00 00 00 00 00 00 06 09 02 05 04 81 03 01 02 02 01 01 00 00 00 01 00 00 00 00 00 00 00 03 00 00 00 00 00 00 00 00 00 00 00 01 00 00 00 00 00 00 00 00 00 00 00 05 00 00 00 00 00 00 00 00 00 00 00 00 00 00 00 00 03 02 00 00 00 00 00 00 00 04 00 00 00 00 00 00 00 00 00 00 00 00 00 00 00 00 00

Replace:

00 00 00 00 AF 02 00 00 08 00 00 00 00 00 00 00 00 22 00 80 D2 04 00 00 C3 01 00 00 C3 01 00 00 EB 01 00 00 7B 02 00 00 9B 02 00 00 09 00 00 00 25 01 00 00 00 00 64 C1 00 00 00 00 00 00 00 00 00 00 00 00 00 00 00 00 00 00 00 3E 9A 8A A4 44 E3 CF 5D DB 9F DB 75 B7 55 11 11 B0 D8 9C 33 81 1D 04 A0 98 49 77 72 88 86 14 98 7C 39 2A 35 BA ED A8 A8 7A 80 39 1C 5A 03 96 25 B9 DF 79 79 DE DA 64 4D 9B 00 0A 00 0C 00 64 00 1F 00 26 00 04 00 1B 00 0D 00 3A 2F 47 61 6D 65 2F 57 73 6C 74 2F 47 61 6D 65 2F 67 69 74 68 75 62 2F 47 61 6D 65 2F 43 68 61 72 61 63 74 65 72 73 2F 50 6C 61 79 65 72 2F 46 65 6D 61 6C 65 2F 4D 65 64 69 75 6D 2F 42 6F 64 69 65 73 2F 46 5F 4D 45 44 5F 50 72 69 6D 65 2F 4D 65 73 68 65 73 2F 46 5F 4D 45 44 5F 50 72 69 6D 65 5F 53 6B 65 6C 65 74 6F 6E 5F 41 6E 69 6D 42 6C 75 65 70 72 69 6E 74 5F 45 63 6F 6D 2F 43 6F 64 65 57 73 6C 74 2F 46 6F 72 74 6E 69 74 65 2D 48 65 78 2D 53 77 61 70 73 46 5F 4D 45 44 5F 50 72 69 6D 65 5F 53 6B 65 6C 65 74 6F 6E 5F 41 6E 69 6D 42 6C 75 65 70 72 69 6E 74 5F 45 5F 43 57 73 6C 74 43 75 73 74 6F 6D 43 68 61 72 61 63 74 65 72 42 6F 64 79 50 61 72 74 44 61 74 61 43 72 65 61 74 65 64 42 79 57 73 6C 74 2F 47 61 6D 65 2F 41 74 68 65 6E 61 2F 48 65 72 6F 65 73 2F 4D 65 73 68 65 73 2F 42 6F 64 69 65 73 2F 43 50 5F 41 74 68 65 6E 61 5F 42 6F 64 79 5F 46 5F 50 72 69 6D 65 5F 45 00 00 00 00 00 00 00 00 54 7B 85 0C 2D 3A EC 7B 7E A2 42 63 10 83 7A 73 E9 71 0B B6 57 37 B4 79 18 69 40 56 99 65 CF 69 E3 22 58 A5 6D 55 F8 70 D2 04 00 00 00 00 00 00 1A 00 00 00 00 00 00 00 06 00 00 00 01 00 00 00 01 00 00 00 00 00 00 00 54 7B 85 0C 2D 3A EC 7B FF FF FF FF FF FF FF FF E9 71 0B B6 57 37 B4 79 00 00 00 00 00 00 00 00 00 00 00 00 00 00 00 00 EC 04 00 00 00 00 00 00 40 00 00 00 00 00 00 00 07 00 00 00 00 00 00 00 FF FF FF FF FF FF FF FF 7E A2 42 63 10 83 7A 73 FF FF FF FF FF FF FF FF 18 69 40 56 99 65 CF 69 B9 A5 B9 53 80 8C 46 52 0B 00 00 00 00 00 00 00 01 00 00 00 00 00 00 00 00 00 00 00 00 00 00 00 01 00 00 00 01 00 00 00 00 00 00 00 01 00 00 00 00 00 00 00 00 00 00 00 00 00 00 00 04 00 00 00 00 00 00 00 00 06 09 02 05 04 81 03 01 02 02 01 01 00 00 00 01 00 00 00 00 00 00 00 03 00 00 00 00 00 00 00 00 00 00 00 01 00 00 00 00 00 00 00 00 00 00 00 05 00 00 00 00 00 00 00 00 00 00 00 00 00 00 00 00 03 02 00 00 00 00 00 00 00 04 00 00 00 00 00 00 00 00 00 00 00 00 00 00 00 00 00 00 00 00 00 00 00 00 00 00 00 00 00 00 00 00 00 00 00 00 00 00 00 00 00 00 00 00 00 00 00 00 00 00 00 00 00 00 00 00 00 00 00 00 00 00 00 00 00 00 00 00 00 00 00 00 00 00 00 00 00 00 00 00 00 00 00 00 00 00 00 00 00 00 00 00 00 00 00 00 00 00 00 00 00 00 00 00 00 00 00 00 00 00 00 00 00 00 00 00 00 00 00 00 00 00 00 00 00 00 00 00 00 00 00 00 00 00 00 00 00 00 00 00 00 00 00 00 00 00 00 00

----------------------------------------

Search (pakchunk10-WindowsClient_s1.ucas):

8C 02 02 47 FA 00 00 00 00 C5 03 00 00 0A 00 99 F9 22 00 80 E6 05 00 00 D9 02 94 0F 03 01 03 00 00 91 03 00 00 B1 03 00 00 0B 00 00 00 27 02 29 00 02 64 C1 2F 00 2F 8F DA 19 08 98 2C 90 E2 24 EC 8C 8B 40 0B 00 A6 3E 60 B4 8C 5A FC 0F 5E C7 4D C5 01 40 C1 AA 0F 5A 9F DB 75 B7 55 11 11 B0 C7 55 F2 4A CD 4A 62 49 12 93 A6 64 BB 09 C4 98 49 77 72 88 86 14 98 7C 39 2A 35 BA ED A8 A8 7A E6 7F A4 3C 09 2F 86 A2 21 21 46 6F 35 30 B8 72 00 44 00 4B 00 62 00 6D 00 0B 00 14 00 24 00 19 00 1B 00 18 00 3A 2F 47 61 6D 65 2F 43 68 61 72 61 63 74 65 72 73 2F 50 6C 61 79 65 72 2F 46 65 6D 61 6C 65 2F 4D 65 64 69 75 6D 2F 42 61 73 65 2F 53 4B 5F 4D 5F 18 00 FE 5F 42 61 73 65 5F 53 6B 65 6C 65 74 6F 6E 14 44 00 0F 01 6F 64 69 65 73 2F 46 5F 4D 45 44 5F 50 72 69 6D 1A 00 B2 73 68 13 00 F0 37 4B 00 50 9F 00 FE 5F 41 6E 69 6D 42 6C 75 65 70 72 69 6E 74 26 62 00 94 53 6B 69 6E AC 00 BD 5F 42 4C 4B 2F 4D 61 74 65 72 69 61 6C 1A 00 03 6F 64 79 1F 00 70 14 00 F0 0C 1F 00 F0 04 AE 00 F2 5F 43 06 76 01 56 43 75 73 74 6F 6D 76 01 00 73 00 2F 02 50 61 72 74 44 61 74 61 43 50 5F 41 74 68 65 6E 61 89 00 31 46 96 00 21 47 FC 00 20 1B 00 47 2F 48 65 72 6F 65 73 39 01 30 9E 01 F0 05 3A 00 40 C8 02 0F 19 54 7B 85 0C 2D 3A EC 7B 7E A2 42 63 10 83 7A 73 E9 71 0B B6 57 37 B4 79 18 69 40 56 99 65 CF 69 E3 22 58 A5 6D 55 F8 70 ED 02 00 FC 02 31 1A 39 00 F5 08 00 00 00 01 9C F0 81 40 48 00 F1 FF 99 40 48 00 F1 00 E1 21 06 12 00 31 63 18 00 31 09 08 00 40 38 00 40 88 00 40 10 00 40 88 00 39 A1 93 33 33 99 28 8A 1B 0B 30 00 40 78 00 71 00 10 00 71 01 0C 00 F0 C1 41 04 0D 00 7F 01 06 09 02 05 04 81 02 01 02 05 03 01 02 02 01 01 2C 00 50 24 00 B0 5C 00 F2 07 00 B1 00 2C 00 02 80 05 EB 03 10 15 00 B1 05 1B 00 10

Replace:

8C 02 02 30 FA 00 00 00 00 EA 02 00 00 0A 00 99 F9 22 00 80 0B 05 00 00 FE 01 94 0F 03 26 02 00 00 B6 02 00 00 D6 02 00 00 0B 00 00 00 4C 01 29 00 F3 64 C1 00 F1 2F 5A 3E 60 B4 8C 5A FC 0F 5E C7 4D C5 01 40 C1 AA 0F 5A 9F DB 75 B7 55 11 11 B0 C7 55 F2 4A CD 4A 62 49 12 93 A6 64 BB 09 C4 98 49 77 72 88 86 14 98 7C 39 2A 35 BA ED A8 A8 7A E6 7F A4 3C 09 2F 86 A2 21 21 46 6F 35 30 B8 72 00 0A 00 0C 00 62 00 0C 00 1F 00 1F 00 24 00 04 00 1B 00 0D 00 3A 2F 47 61 6D 65 2F 57 73 6C 74 0A 00 26 67 69 74 68 75 62 0C 00 0F 22 43 68 61 72 61 63 74 65 72 73 2F 50 6C 61 79 65 72 2F 46 65 6D 61 6C 65 2F 4D 65 64 69 75 6D 2F 42 6F 64 69 65 73 2F 46 5F 4D 45 44 5F 50 72 69 6D 1A 00 A2 73 68 13 00 9F 07 5F 53 6B 65 6C 65 74 6F 6E 5F 41 6E 69 6D 42 6C 75 65 70 72 69 6E 6E 00 18 63 6F 6D 2F 43 6F 64 65 86 00 FF 03 46 6F 72 74 6E 69 74 65 2D 48 65 78 2D 53 77 61 70 73 0C 1F 00 F0 0F 6C 00 02 5F 43 3B 00 56 43 75 73 74 6F 6D D4 00 1F 06 42 6F 64 79 50 61 72 74 44 61 74 61 43 72 65 61 74 65 64 42 79 82 00 10 9A 00 4D 41 74 68 65 6E 61 2F 48 65 72 6F 65 73 D7 00 30 F1 00 23 43 50 5F 1F 00 01 5F 45 00 32 5F 46 7D 00 41 47 ED 01 0F 19 54 7B 85 0C 2D 3A EC 7B 7E A2 42 63 10 83 7A 73 E9 71 0B B6 57 37 B4 79 18 69 40 56 99 65 CF 69 E3 22 58 A5 6D 55 F8 70 12 02 F0 81 31 1A 39 00 F5 08 00 00 00 01 9C 00 18 00 40 48 00 F1 FF 99 40 48 00 F1 00 D9 31 25 48 00 31 63 18 00 31 09 08 00 40 38 00 40 88 00 40 10 00 40 88 00 39 A1 93 33 33 99 28 8A 1B 0B 38 00 40 78 00 71 00 10 00 71 01 0C 00 F0 C1 41 04 0D 00 8F 00 06 09 02 05 04 81 02 01 02 05 03 01 02 02 01 34 00 50 24 00 B0 5C 00 F2 07 00 B1 00 30 00 34 80 05 01 03 13 00 61 05 1A 00 60 33 00 32 03 02 16 00 F2 06 00 F9 C0 CE 09 00 00 00 00 00 00 00 00

----------------------------------------

Search (pakchunk10-WindowsClient_s1.ucas):

00 00 00 00 02 03 00 00 08 00 00 00 00 00 00 00 00 22 00 80 23 05 00 00 16 02 00 00 16 02 00 00 3E 02 00 00 CE 02 00 00 EE 02 00 00 09 00 00 00 78 01 00 00 00 00 64 C1 00 00 00 00 3F 2D 8A 55 3E 7A F2 A1 47 C4 93 B7 35 63 9A 3B 70 33 55 C5 1C 50 0A 52 A2 E3 34 12 EA 02 24 61 E2 68 85 8B 72 A0 A2 7A 3F 68 59 C1 9F 82 81 DB 39 2A 35 BA ED A8 A8 7A 1B E4 30 06 67 A4 A2 5F 83 C6 9D 38 6F FE A1 89 00 40 00 49 00 50 00 0B 00 14 00 17 00 1B 00 16 00 38 2F 47 61 6D 65 2F 43 68 61 72 61 63 74 65 72 73 2F 50 6C 61 79 65 72 2F 4D 61 6C 65 2F 4D 65 64 69 75 6D 2F 42 61 73 65 2F 53 4B 5F 4D 5F 4D 41 4C 45 5F 42 61 73 65 5F 53 6B 65 6C 65 74 6F 6E 2F 47 61 6D 65 2F 43 68 61 72 61 63 74 65 72 73 2F 50 6C 61 79 65 72 2F 4D 61 6C 65 2F 4D 65 64 69 75 6D 2F 42 6F 64 69 65 73 2F 4D 5F 4D 45 44 5F 50 72 69 6D 65 2F 4D 65 73 68 65 73 2F 4D 5F 4D 45 44 5F 50 72 69 6D 65 2F 47 61 6D 65 2F 43 68 61 72 61 63 74 65 72 73 2F 50 6C 61 79 65 72 2F 4D 61 6C 65 2F 4D 65 64 69 75 6D 2F 42 6F 64 69 65 73 2F 4D 5F 4D 45 44 5F 50 72 69 6D 65 2F 4D 65 73 68 65 73 2F 4D 5F 4D 45 44 5F 50 72 69 6D 65 5F 41 6E 69 6D 42 50 4D 5F 4D 45 44 5F 50 72 69 6D 65 4D 5F 4D 45 44 5F 50 72 69 6D 65 5F 41 6E 69 6D 42 50 5F 43 53 4B 5F 4D 5F 4D 41 4C 45 5F 42 61 73 65 5F 53 6B 65 6C 65 74 6F 6E 43 75 73 74 6F 6D 43 68 61 72 61 63 74 65 72 42 6F 64 79 50 61 72 74 44 61 74 61 43 50 5F 41 74 68 65 6E 61 5F 42 6F 64 79 5F 4D 5F 50 72 69 6D 65 2F 47 61 6D 65 2F 41 74 68 65 6E 61 2F 48 65 72 6F 65 73 2F 4D 65 73 68 65 73 2F 42 6F 64 69 65 73 2F 43 50 5F 41 74 68 65 6E 61 5F 42 6F 64 79 5F 4D 5F 50 72 69 6D 65 00 00 00 00 00 00 00 00 54 7B 85 0C 2D 3A EC 7B 7E A2 42 63 10 83 7A 73 E9 71 0B B6 57 37 B4 79 18 69 40 56 99 65 CF 69 E3 22 58 A5 6D 55 F8 70 23 05 00 00 00 00 00 00 1A 00 00 00 00 00 00 00 06 00 00 00 02 00 00 00 01 00 00 00 00 00 00 00 54 7B 85 0C 2D 3A EC 7B FF FF FF FF FF FF FF FF E9 71 0B B6 57 37 B4 79 00 00 00 00 00 00 00 00 00 00 00 00 00 00 00 00 3D 05 00 00 00 00 00 00 3C 00 00 00 00 00 00 00 07 00 00 00 00 00 00 00 FF FF FF FF FF FF FF FF 7E A2 42 63 10 83 7A 73 FF FF FF FF FF FF FF FF 18 69 40 56 99 65 CF 69 D9 D6 92 41 DA 6B F8 D2 0B 00 00 00 00 00 00 00 01 00 00 00 00 00 00 00 00 00 00 00 00 00 00 00 01 00 00 00 01 00 00 00 00 00 00 00 01 00 00 00 00 00 00 00 00 00 00 00 00 00 00 00 04 00 00 00 00 00 00 00 01 04 09 02 05 05 02 01 01 00 00 00 01 00 00 00 00 00 00 00 03 00 00 00 00 00 00 00 00 00 00 00 01 00 00 00 00 00 00 00 00 00 00 00 05 00 00 00 00 00 00 00 00 00 00 00 00 00 00 00 00 03 02 00 00 00 00 00 00 00 04 00 00 00 00 00 00 00 00 00 00 00 00 00 00 00 00 00 00 00 02 03 00 00

Replace:

00 00 00 00 87 02 00 00 08 00 00 00 00 00 00 00 00 22 00 80 A8 04 00 00 9B 01 00 00 9B 01 00 00 C3 01 00 00 53 02 00 00 73 02 00 00 09 00 00 00 FD 00 00 00 00 00 64 C1 00 00 00 00 00 00 00 00 00 00 00 00 00 00 00 00 00 00 00 3B 70 33 55 C5 1C 50 0A 52 A2 E3 34 12 EA 02 24 61 E2 68 85 8B 72 A0 A2 7A 3F 68 59 C1 9F 82 81 DB 39 2A 35 BA ED A8 A8 7A 1B E4 30 06 67 A4 A2 5F 83 C6 9D 38 6F FE A1 89 00 0A 00 0C 00 50 00 1F 00 14 00 04 00 1B 00 0D 00 38 2F 47 61 6D 65 2F 57 73 6C 74 2F 47 61 6D 65 2F 67 69 74 68 75 62 2F 47 61 6D 65 2F 43 68 61 72 61 63 74 65 72 73 2F 50 6C 61 79 65 72 2F 4D 61 6C 65 2F 4D 65 64 69 75 6D 2F 42 6F 64 69 65 73 2F 4D 5F 4D 45 44 5F 50 72 69 6D 65 2F 4D 65 73 68 65 73 2F 4D 5F 4D 45 44 5F 50 72 69 6D 65 5F 41 6E 69 6D 42 50 63 6F 6D 2F 43 6F 64 65 57 73 6C 74 2F 46 6F 72 74 6E 69 74 65 2D 48 65 78 2D 53 77 61 70 73 4D 5F 4D 45 44 5F 50 72 69 6D 65 5F 41 6E 69 6D 42 50 5F 43 57 73 6C 74 43 75 73 74 6F 6D 43 68 61 72 61 63 74 65 72 42 6F 64 79 50 61 72 74 44 61 74 61 43 72 65 61 74 65 64 42 79 57 73 6C 74 2F 47 61 6D 65 2F 41 74 68 65 6E 61 2F 48 65 72 6F 65 73 2F 4D 65 73 68 65 73 2F 42 6F 64 69 65 73 2F 43 50 5F 41 74 68 65 6E 61 5F 42 6F 64 79 5F 4D 5F 50 72 69 6D 65 00 00 00 00 00 00 00 00 54 7B 85 0C 2D 3A EC 7B 7E A2 42 63 10 83 7A 73 E9 71 0B B6 57 37 B4 79 18 69 40 56 99 65 CF 69 E3 22 58 A5 6D 55 F8 70 A8 04 00 00 00 00 00 00 1A 00 00 00 00 00 00 00 06 00 00 00 02 00 00 00 01 00 00 00 00 00 00 00 54 7B 85 0C 2D 3A EC 7B FF FF FF FF FF FF FF FF E9 71 0B B6 57 37 B4 79 00 00 00 00 00 00 00 00 00 00 00 00 00 00 00 00 C2 04 00 00 00 00 00 00 3C 00 00 00 00 00 00 00 07 00 00 00 00 00 00 00 FF FF FF FF FF FF FF FF 7E A2 42 63 10 83 7A 73 FF FF FF FF FF FF FF FF 18 69 40 56 99 65 CF 69 D9 D6 92 41 DA 6B F8 D2 0B 00 00 00 00 00 00 00 01 00 00 00 00 00 00 00 00 00 00 00 00 00 00 00 01 00 00 00 01 00 00 00 00 00 00 00 01 00 00 00 00 00 00 00 00 00 00 00 00 00 00 00 04 00 00 00 00 00 00 00 01 04 09 02 05 05 02 01 01 00 00 00 01 00 00 00 00 00 00 00 03 00 00 00 00 00 00 00 00 00 00 00 01 00 00 00 00 00 00 00 00 00 00 00 05 00 00 00 00 00 00 00 00 00 00 00 00 00 00 00 00 03 02 00 00 00 00 00 00 00 04 00 00 00 00 00 00 00 00 00 00 00 00 00 00 00 00 00 00 00 00 00 00 00 00 00 00 00 00 00 00 00 00 00 00 00 00 00 00 00 00 00 00 00 00 00 00 00 00 00 00 00 00 00 00 00 00 00 00 00 00 00 00 00 00 00 00 00 00 00 00 00 00 00 00 00 00 00 00 00 00 00 00 00 00 00 00 00 00 00 00 00 00 00 00 00 00 00 00 00 00 00 00 00 00 00 00 00 00 00 00 00 00 00 00 00 00 00 00 00 00 00 00 00 00 00 00 00 00 00 00 00 00 00 00 00 00 00 00

----------------------------------------

Search (pakchunk10-WindowsClient_s1.ucas):

8C 02 02 3C FA 00 00 00 00 99 03 00 00 0A 00 99 F9 22 00 80 BA 05 00 00 AD 02 94 0F 03 D5 02 00 00 65 03 00 00 85 03 00 00 0B 00 00 00 FB 01 29 00 02 64 C1 2F 00 FF 9F 3F 2D 8A 55 3E 7A F2 A1 47 C4 93 B7 35 63 9A 3B 70 33 55 C5 1C 50 0A 52 5F FB 99 95 37 FD E1 14 A2 E3 34 12 EA 02 24 61 E2 68 85 8B 72 A0 A2 7A 83 53 10 DE 6F FC 57 2D 3F 68 59 C1 9F 82 81 DB 39 2A 35 BA ED A8 A8 7A 75 87 E8 4E A0 53 E4 95 81 42 AA 8C 16 D2 58 1A 00 40 00 49 00 50 00 6B 00 0B 00 14 00 14 00 17 00 1B 00 18 00 3A 2F 47 61 6D 65 2F 43 68 61 72 61 63 74 65 72 73 2F 50 6C 61 79 65 72 2F 4D 61 6C 65 2F 4D 65 64 69 75 6D 2F 42 61 73 65 2F 53 4B 5F 4D 5F 4D 41 4C 45 5F 42 61 73 65 5F 53 6B 65 6C 65 74 6F 6E 12 40 00 0F 01 6F 64 69 65 73 2F 4D 5F 4D 45 44 5F 50 72 69 6D 1A 00 B2 73 68 13 00 F0 35 49 00 F7 5F 41 6E 69 6D 42 50 24 50 00 94 53 6B 69 6E 98 00 BD 5F 42 4C 4B 2F 4D 61 74 65 72 69 61 6C 1A 00 03 6F 64 79 1F 00 70 14 00 80 39 00 20 88 00 F2 5F 43 01 33 00 F0 04 4E 01 56 43 75 73 74 6F 6D 4E 01 00 2E 00 2F 02 50 61 72 74 44 61 74 61 43 50 5F 41 74 68 65 6E 61 44 00 31 4D 51 00 21 47 C1 01 20 1B 00 05 2F 48 65 72 6F 57 01 20 15 01 30 DF 00 F0 05 3A 00 40 9C 02 0F 19 54 7B 85 0C 2D 3A EC 7B 7E A2 42 63 10 83 7A 73 E9 71 0B B6 57 37 B4 79 18 69 40 56 99 65 CF 69 E3 22 58 A5 6D 55 F8 70 C1 02 00 D0 02 31 1A 39 00 39 08 00 00 00 02 00 00 00 01 10 00 40 48 00 F1 FF 99 40 48 00 F1 00 D9 31 D4 48 00 31 62 18 00 31 09 08 00 40 38 00 40 88 00 40 10 00 40 88 00 39 00 47 1F 9B 74 D3 18 8E 0B 38 00 40 78 00 71 00 10 00 71 01 0C 00 F0 C1 41 04 18 00 8E 04 09 02 05 04 81 02 01 02 05 03 01 02 01 33 00 71 04 30 00 80 3F 00 B1 07 18 00 34 80 05 01 03 13 00 B1 06 1B 00 10 0F 00 32 03 02

Replace:

8C 02 02 2A FA 00 00 00 00 C8 02 00 00 0A 00 99 F9 22 00 80 E9 04 00 00 DC 01 94 0F 03 04 02 00 00 94 02 00 00 B4 02 00 00 0B 00 00 00 2A 01 29 00 F3 64 C1 00 F1 2F 5A 3B 70 33 55 C5 1C 50 0A 52 5F FB 99 95 37 FD E1 14 A2 E3 34 12 EA 02 24 61 E2 68 85 8B 72 A0 A2 7A 83 53 10 DE 6F FC 57 2D 3F 68 59 C1 9F 82 81 DB 39 2A 35 BA ED A8 A8 7A 75 87 E8 4E A0 53 E4 95 81 42 AA 8C 16 D2 58 1A 00 0A 00 0C 00 50 00 0C 00 1F 00 14 00 1F 00 04 00 1B 00 0D 00 3A 2F 47 61 6D 65 2F 57 73 6C 74 0A 00 26 67 69 74 68 75 62 0C 00 0F 20 43 68 61 72 61 63 74 65 72 73 2F 50 6C 61 79 65 72 2F 4D 61 6C 65 2F 4D 65 64 69 75 6D 2F 42 6F 64 69 65 73 2F 4D 5F 4D 45 44 5F 50 72 69 6D 1A 00 A2 73 68 13 00 87 5F 41 6E 69 6D 42 50 5C 00 18 63 6F 6D 2F 43 6F 64 65 74 00 EF 03 46 6F 72 74 6E 69 74 65 2D 48 65 78 2D 53 77 61 70 73 3D 00 F2 5F 43 0C 33 00 00 4A 00 56 43 75 73 74 6F 6D B2 00 6F 06 42 6F 64 79 50 61 72 74 44 61 74 61 43 72 65 61 74 65 64 42 79 E6 00 0B 41 74 68 65 6E 61 2F 48 65 72 6F B0 00 20 B7 00 30 D1 00 23 43 50 5F 1F 00 37 5F 42 6F 64 79 5F 4D 8C 00 41 47 CB 01 0F 19 54 7B 85 0C 2D 3A EC 7B 7E A2 42 63 10 83 7A 73 E9 71 0B B6 57 37 B4 79 18 69 40 56 99 65 CF 69 E3 22 58 A5 6D 55 F8 70 F0 01 00 FF 01 31 1A 39 00 39 08 00 00 00 02 00 00 00 01 10 00 40 48 00 F1 FF 99 40 48 00 F1 00 D9 22 03 05 12 00 31 62 38 00 31 09 08 00 40 38 00 40 88 00 40 10 00 40 88 00 39 00 47 1F 9B 74 D3 18 8E 0B 30 00 40 78 00 71 00 10 00 71 01 0C 00 F0 C1 30 BB 00 7F 02 00 01 04 09 02 05 04 81 02 01 02 05 03 01 02 01 01 2B 00 40 23 00 71 00 14 00 00 0C 00 F2 07 00 B1 00 2C 00 34 80 05 01 03 13 00 61 06 1A 00 50 47 00 33 00 03 02 16 00 71 05 1E 00 F0 7F 0B 00 3A 09 00 00 00 00 00 00 00 00 00

----------------------------------------

Search (pakchunk20-WindowsClient.ucas):

8C 0A 00 20 79 88 20 77 00 00 00 00 58 3C 00 00 00 15 20 3B 01 00 00 00 22 00 80 09 45 E3 39 00 00 4B 3A 43 3B 8B 3B 9B 3C 01 47 2D 00 00 64 C1 00 00 CA B6 9A DC 81 46 B1 7F 67 36 62 2F 3B 71 A3 83 E0 71 5C 84 4E 5A 07 F2 0D B7 75 93 8E 8B 51 A8 85 4C 3A 97 DC 8C 3F 92 F9 4F 9C 58 E7 7B 47 6C 1C 24 91 B7 70 BD 15 8A CA 6E 07 38 E4 D3 9A D8 B7 7B 34 E7 F2 77 32 39 86 9F E1 22 A8 71 0E 55 2D 1C 3C EE CA C8 E0 7D 2D 0B 30 19 32 E4 D4 77 C5 FD A5 CF E0 D7 15 C3 A8 69 34 20 37 9C 39 9B 38 7A 96 77 A8 EA 01 56 E4 D5 67 61 9E 0A F8 CB 42 5C EB FF E2 8C 0A 62 5A 90 7E 91 80 E9 E0 9A E1 17 D7 B4 68 ED 1E 9F CA 67 BA 6F 70 A7 38 4A 60 2E A0 4F 97 7A B5 DE D2 CD 5C 63 1B 8B F0 ED B5 89 DE 7D 3E F6 7D 79 5D 01 44 AB 90 06 63 7A D0 C5 71 78 6D 4A 01 A1 FE 11 72 3F 16 6C 7C 94 5C AA 7D B4 0F D4 C5 90 39 FA DB 8A 12 94 9E F8 D4 84 7C C6 01 C5 6D 7F AC DB 35 D2 3B D8 C5 23 B7 8B 0A 6C 1D 6E B8 56 8A 64 05 A8 6D A3 55 EB 80 F1 96 F0 47 FA C1 B9 80 46 88 6D 13 EE 5D BC 75 3C B9 CE B2 8A 70 84 D5 61 86 AA C3 A0 DA 6B AB E1 3D B1 75 ED DF 8A C7 76 3E 4D BF 73 3E BC F8 80 66 0F 3C 8C B2 A8 FE 8B 23 19 3F 3D 8E F4 81 1A F9 96 0D 60 10 42 D1 1F 76 AA 4F 84 50 52 0B FE 37 6C 6D 03 C8 41 7E 4A E9 D8 C8 FD A3 EB 7C DE 13 C2 E3 CB D1 42 0D A5 E4 AC 51 4F C9 8E F4 CD D6 6F EA 52 78 86 B5 3B D0 02 37 EE B0 45 F5 54 00 A9 44 3A 4B F2 DC C5 47 87 74 77 A2 77 EC 8C 46 B5 16 C8 C7 4D 8B C6 A3 A6 FA B6 97 C8 B0 13 E3 81 53 B3 9C E2 87 06 A1 FF 4B 80 04 92 74 DD 82 39 5E 32 A6 C0 37 24 65 B6 6F 8A C0 7C 41 1D D0 00 6F D4 77 50 2D 8B FD 8D BE D1 DE 04 29 71 3B 5B 45 7B 54 7F 5E BE 1C AB 00 6B 04 18 D5 C1 3A 1D DD E9 17 18 53 B8 21 03 F2 FD 47 8F AD 6B FD F4 11 2F 69 A8 08 BC 8D 43 44 F3 DC 4A 5C 5D 2D 6E B0 40 26 AC 81 93 CF 86 44 BF 15 F3 E3 BE 5B B0 31 C3 EF 53 AB 3F DB 21 F3 E8 65 87 CE 91 45 FB 99 96 1D 29 B9 29 E3 65 AB 00 D8 4C D2 00 91 51 55 55 02 C5 9F 09 2B 31 14 86 2F 4B 83 54 00 07 97 C0 02 5B C5 0D D7 F3 5F 44 59 05 18 5F C7 F3 53 BA 0A 56 5A A9 56 E8 9E 43 AA C9 21 04 AF 1D 87 3E F8 AF 79 27 3E 5A 60 A8 54 F6 17 86 CC 9F D3 F2 1C 6C 7D 81 0C 2D 98 7E EF 2A C8 F5 10 0C 93 AC 58 F4 85 FB 3B A2 76 DF EE 35 F5 F9 68 1D 4E E3 37 11 37 73 31 DA B7 E8 49 7D 0A 10 69 90 02 69 C3 97 42 DE 7D C0 64 E5 EC F3 CA 2B BE BF FC 8D 32 3D 21 10 25 86 B6 B0 5D F3 FA 2B D8 54 A7 F6 BF E8 F8 16 C0 2E FD 30 62 C8 DF E1 8C 7A FE E6 10 E0 2E A5 81 BC A2 46 2D 68 4D D6 6A 96 22 C8 B1 1F 9E 20 D3 0A 2A 75 1A 93 7B F4 9E 6E E1 9D 21 F2 E7 63 A1 D3 52 A1 81 0D 17 EB 40 E9 F1 BF 9F 0E 8F 27 87 73 26 D3 4D FF C0 9F 4A 6E 83 50 DF 8E EC B9 FE 42 15 00 BC C9 F3 23 E7 4E B1 7D 71 2C A3 8E 8A D5 25 24 4C 99 B8 7A C7 FF 63 58 AA D6 E1 99 EB C4 4C DC 0B 38 97 CC 11 BB 14 D4 F0 34 C6 F6 99 DE 9F 47 B0 94 62 B8 5C 4F 0F 85 E5 86 E6 4A 8E 60 D6 EC 1F 00 FD 11 E3 9B CC 84 63 87 9D B0 25 7D C5 B9 A5 F7 CF DF 71 F8 51 17 74 5A F5 65 26 BA 48 31 F6 A9 9B 46 BA 20 F2 65 E7 91 39 18 4D 06 5C D9 38 07 F1 76 45 08 6C 8D 4D A6 DC 94 48 4F D9 6A B9 BD AD 73 1F 40 B9 0F 26 C3 BA 0A 13 CF B8 F9 92 64 D9 32 B2 50 FC EA 6F E9 2E 96 47 8E E9 FA 76 4F B2 FD 46 9D 25 99 D9 80 CD 3C 90 2F 6A FE B9 9E 9B 5E 2D B9 01 02 4F B7 06 C2 1F 4A 97 96 69 4D 63 3E 3C A4 00 76 56 E5 76 D1 EC 97 AC 9A 34 2D 1A 75 3D 24 6A 9C EC C0 B7 BF 8C E9 CF B2 C8 27 B1 00 BE 07 7E 4D 7A 49 63 62 F0 DA 01 6D 45 28 01 E2 C5 0B 8C 8F 05 72 2D 80 A5 7E 14 23 C6 EE B5 0F 0F 5C 78 D6 D9 30 1C 8F 16 71 9A C6 EB 7F EA A9 CD A7 83 9E B6 62 62 B2 EF C7 86 0E 22 53 60 EB C8 E4 FB DA C0 36 8F E3 B1 CA 2C 58 4A E0 C5 96 20 EF D0 27 24 90 8E CD 2D 84 36 BB 8A C4 85 63 59 A0 FA 96 D9 EC A8 61 B2 32 30 2C 41 07 74 6B 57 EF 91 7F 73 D2 BD 86 F1 F6 85 E0 65 DA B9 DB 09 81 BF B3 AA BC 8C 14 50 73 C5 7F 61 14 11 46 88 8B CE 57 D1 28 5A D0 8B 1A 5A B1 23 E0 DC B7 76 D1 C8 89 56 A9 C5 00 C1 98 67 52 22 29 51 7E E0 A8 1C 2E 65 3D 07 FD 49 72 46 27 54 A2 7F 66 53 B2 DB FB 31 A6 F3 09 A2 5D D6 3C 7B AF B7 7F E8 26 A7 6A BA DD F9 A9 33 EB D7 B7 F8 E9 86 7C 84 9E 19 25 68 F1 BF B7 E9 70 A6 8D 1B F3 EB 21 40 A8 BA 52 B5 91 FF 91 AF 89 21 71 F5 7F D7 45 3A BD FC 7F 43 7D 8B 93 DB C0 46 B9 C3 20 09 E8 46 4F F9 78 C3 09 95 31 4D 59 7C 88 98 15 98 12 BB F6 AD B3 B5 75 DB A1 3C 8F 48 EA A5 0D 41 CF A1 28 57 B9 5E D4 06 6E 3F 1B A0 05 DC D2 07 49 99 52 60 8F 1C B7 99 82 A6 2A EB 84 B0 88 60 3A DC FF D1 BA 67 D0 53 9D 95 F6 DB AD 81 8C F2 7D 67 BC B8 18 A3 26 9A 51 8F FB A1 F3 65 09 0E 65 D1 90 55 5E EB C5 C4 E0 84 4A 6B A7 30 F1 A8 B3 A9 8C 67 0C 8F 81 D1 E0 08 75 84 0B 13 6E 25 22 9A 0D 7E 9D 14 CE B9 C7 AF 01 74 7E 4C 91 A0 0E E2 75 EE 9F 8D 4C 17 E9 13 19 B6 6B 8C AA 31 20 D8 A0 9B 98 EF 63 1A 3D 27 C1 42 0E 51 42 5C FD E1 94 69 37 AE CD 1F FF AD 5C F9 0E B1 B5 48 38 AA AD B2 FF C4 1E FF F5 FA 98 D6 03 89 FB A5 13 E0 E8 F2 99 AF 04 59 58 7B 7B 16 F0 54 B5 6B F7 BD 01 30 40 12 D5 86 BE C8 BF 5F 30 08 78 E6 1B A9 B8 68 51 65 EE D5 C7 44 F4 6D 3A 02 A0 85 57 79 16 D0 1B DA A5 0A 38 67 0B B0 C2 F1 29 16 63 1A 0D D4 4A 03 0B DD C1 BC 05 D5 53 2F 31 35 96 E3 44 51 B0 A3 4E E4 F6 28 2E 4A 56 39 14 17 A7 A3 FC DA 78 7C CB FD DB 82 49 0C 37 81 56 51 EE 99 AC A2 A9 0C 66 98 C0 0D 03 AC 70 90 F1 57 3D A6 CF 8A 8D 68 0B 00 5D CC 00 72 4D FD F6 5D 7F 12 23 E4 F5 BE 99 4E 19 7A 9D F1 11 0F 6E 3B E9 D0 6B F0 53 01 0D 23 43 42 53 C1 91 64 22 DF 6F 69 6C 93 FF C0 BE D2 D2 23 8C B4 14 E4 1A 32 52 53 00 E1 0B 76 CB 7D 90 9B 67 2A D0 42 14 55 17 85 6A 35 DC 7C 8C 73 97 8C 44 CD 91 1A 6B 15 5F A8 8E 62 6D 42 EA D7 99 7E 50 6B CB EE 24 86 AB 29 C6 9B F2 D9 E0 40 5E B3 E5 62 88 AB 46 34 5D FE 39 49 39 DD 56 B8 2E E4 72 90 D7 39 14 66 47 F9 3F 84 B3 49 88 6E 3D 6C BB 1E 6F 70 91 CC 5E 91 C5 5F DC 7A 80 C9 93 E0 04 51 2E AA 96 33 59 E0 6B BE C5 56 09 1C 08 16 47 81 DD 65 C4 E2 32 A4 E5 A4 6D CB 88 EE 0E 6E 0E 34 BD 0E D0 56 CB 32 3F D3 98 88 61 22 3A 25 85 38 CF 30 43 C7 FE D3 4F B8 BE 45 7E BB D6 F5 9C 26 E8 4E 92 C2 84 10 31 FF EE B4 63 DE 2D B0 EF FF 04 67 47 8E 1E 05 5E 29 F8 67 44 37 1B A7 67 7F FE 1A F4 05 B4 6A 0D EE 34 B5 9F 17 E7 48 8B EF AE 57 92 43 7A 6E D9 43 CF DE 24 5F E1 90 7C 79 A0 9D D6 1E 2E EA 44 89 78 50 F0 4A 61 A1 F9 4B 96 45 35 5B 75 BD 1F 1E 65 C4 4F C2 AC 6A 54 58 31 3F 4A 92 FA CB A5 15 3B 8A D0 AF BE 07 AD B6 29 0B AB 25 DB 1F FA 3D 44 65 9E 76 14 57 89 F4 CA E5 AF 6E 68 F4 AD A4 C1 FE C9 1D 29 B2 29 34 CA 3D BE 16 69 48 43 A6 52 E8 8D D5 A0 04 E8 18 C2 4D 4F C8 52 68 07 19 30 F0 41 B5 0F B7 13 F0 0A B9 95 AE 12 15 95 12 C1 AE 32 27 DE CB 6A 36 BB 46 05 E5 81 D3 C7 68 DF 16 70 72 3F 90 FD E6 A5 F8 A7 04 77 28 27 B1 01 AC 2C 44 7D 44 5C 18 47 63 9B CB 24 BE 45 01 EE 29 29 A3 18 B1 01 51 FE 1A 01 81 69 B2 DE E9 76 50 C6 E2 D1 90 8D 77 AD 13 47 F2 D5 A6 01 28 A2 FA 9F 59 72 29 A9 7C 65 4D F7 3C 48 6B 3C 1E 7B 7E A2 96 51 68 B9 25 25 82 06 C1 EB 51 EA A6 7F 2A A6 12 31 92 40 D3 77 73 53 9D B6 29 97 D6 A8 4A 63 2D B9 00 77 6A A2 03 38 53 7A 49 24 36 01 5D 62 EC CE D8 31 C6 7E 99 C5 AE 9D 21 87 A2 A8 6F FE 4A BC AF AD 83 42 CA FD 9F AB 4B 3D 2D DE 58 99 11 44 84 FB ED 72 ED CB D5 48 90 49 5A E5 BD 15 CA 98 5A C5 F8 A0 91 66 DA 1F CF D2 11 3A BE C3 35 BD D6 0B 83 FB 29 61 01 52 E1 E1 B9 D0 BC 6D 10 59 97 E0 D6 1E 44 5B 6B AE 78 32 2B 58 39 E8 95 13 3B 35 67 5F 0E 6A 72 B5 54 ED F5 DC 52 D3 23 C2 ED 6A 23 40 8D EE 28 BC 1E A3 08 A7 5C F8 A6 17 15 18 6F 55 3E 4A 5B 03 37 F0 3E 35 2C A4 72 3D C6 19 D0 95 D3 56 88 01 E3 41 15 5D C7 C0 11 DB 6B 91 42 7D 92 26 3D 12 1A AB 7C 98 80 F0 09 FD F6 C2 68 91 28 EF 9D 23 AB 57 6F 84 64 76 6F 76 D0 38 52 42 4C DA 16 44 77 37 0A C4 EE 7C 32 8D 38 68 80 EF 5A 99 79 1D E7 84 FA 26 C3 06 1A C2 C8 C7 29 03 C8 72 12 E5 25 75 B5 50 CC 4C 6A BC 0E D3 77 83 9E 83 47 CF 0C AC 4A 83 DB F4 D7 40 90 A6 6F AB E4 78 06 E6 80 B3 80 CA 25 94 69 86 A5 F7 FF 6B CA 82 9A 9E F9 3F 73 07 DD EC 21 A0 15 AF 70 39 86 2D 4E B8 5D C7 16 39 6A F5 D3 31 75 78 6F CB E5 24 12 2F 5F F3 38 F7 5A 3C 67 DF 7A 5C 71 FA 47 08 00 28 00 37 00 2E 00 28 00 6E 00 75 00 53 00 75 00 53 00 61 00 55 00 5A 00 5A 00 6A 00 61 00 53 00 5D 00 67 00 5A 00 61 00 52 00 77 00 52 00 57 00 58 00 57 00 58 00 43 00 33 00 39 00 40 00 35 00 35 43 00 3B 00 37 3B 00 3B 00 43 00 31 32 00 34 00 32 00 32 32 00 37 00 38 00 34 34 00 23 00 1C 00 1A 22 4B 00 47 00 4C 00 41 3E 00 44 00 48 00 46 44 00 44 00 47 00 47 45 00 43 33 00 38 00 38 00 31 4D 00 14 00 2D 00 0E 0F 00 1F 00 17 00 17 1A 00 1F 00 1B 00 19 21 00 17 00 1D 00 15 0E 00 0C 00 14 00 13 16 00 13 00 11 00 1E 11 00 13 00 10 00 0D 0E 00 14 00 11 00 0F 14 00 0D 00 1C 15 00 14 00 1E 00 1C 12 00 14 00 18 00 18 15 00 12 00 15 00 17 1B 17 00 0A 00 13 00 22 19 00 19 00 1F 00 22 1F 00 21 00 20 00 28 2C 00 24 00 21 00 1F 1F 00 23 1F 00 25 00 25 00 26 1F 2A 00 1E 00 22 00 22 22 00 2A 00 2A 00 25 21 00 25 00 24 00 23 23 25 00 1F 00 24 00 27 28 00 23 00 1E 21 00 1E 00 26 00 20 29 00 29 00 29 00 29 21 23 00 23 0A 00 17 00 1E 00 1A 1D 00 20 00 25 00 27 1C 00 1B 00 18 00 16 1B 00 20 00 21 00 1B 17 19 00 17 00 26 1A 2D 00 30 00 14 00 0E 1C 00 0E 00 23 00 26 17 00 27 00 13 21 17 00 18 00 19 13 0D 00 13 00 1B 00 1F 0F 00 0F 00 0F 00 0F 0E 0E 00 0E 0E 23 13 00 19 00 15 00 16 0B 00 13 00 10 19 00 0A 00 1D 14 00 14 24 00 0F 0B 00 0D 00 18 26 2F 47 61 6D 65 2F 41 62 69 6C 69 74 69 65 73 2F 45 6D 6F 74 65 73 2F 47 41 42 5F 5F 47 65 6E 65 72 69 63 5F 54 72 61 6E 73 66 6F 72 6D 61 6F 6E 2F 50 6C 61 79 65 72 50 61 77 6E 73 2F 4D 65 6E 75 53 63 72 65 6E 5F 41 74 68 65 61 2F 53 70 72 61 79 6E 69 4D 61 69 6E 43 6F 6D 62 61 74 2F 4D 65 6C 65 65 2F 43 79 62 65 72 41 72 6D 6F 72 46 65 6D 61 6C 5F 50 69 63 6B 61 78 65 5F 48 61 72 76 65 73 74 69 6E 67 5F 6F 5F 43 4D 5F 4D 31 44 75 61 6C 57 69 65 6C 64 2F 41 6E 63 69 65 6E 74 47 6C 61 64 69 61 74 6F 72 5F 4D 43 6C 61 77 2F 43 6C 61 77 45 6D 62 65 72 62 65 72 73 46 69 73 74 73 2F 46 69 73 74 73 4B 6E 69 67 68 74 43 61 74 4E 69 74 72 6F 46 6C 6F 77 4F 72 64 65 72 47 75 61 72 64 2F 73 47 61 6C 69 6C 65 6F 5F 46 65 72 72 79 6F 6E 74 61 67 65 4F 6E 65 48 61 6E 64 65 64 2F 42 52 5F 73 77 6F 72 36 30 46 5F 4D 43 41 53 2F 43 41 53 45 74 68 65 72 65 61 6C 46 46 72 75 69 74 43 6B 65 73 79 74 68 65 2F 53 79 74 68 65 5F 54 77 6F 4C 61 6E 63 65 2F 4C 61 6E 63 4E 61 72 72 6F 77 47 72 69 70 2F 55 70 70 65 72 42 6F 64 79 2F 42 61 73 65 42 61 6C 6C 5F 42 61 74 62 42 53 74 61 66 66 2F 53 74 61 66 66 73 2F 46 72 6F 6E 74 65 6E 64 41 2F 32 68 61 6E 64 45 5F 5F 49 64 6C 65 53 77 69 6E 67 43 6F 73 6D 65 74 69 63 73 2F 43 68 61 72 61 63 74 65 72 50 61 72 74 73 2F 42 5F 50 72 65 76 69 65 77 44 69 73 70 6C 61 79 6D 6D 50 57 65 61 70 6F 6E 6F 6E 74 72 61 69 6C 53 6B 79 44 69 76 65 53 6B 79 64 69 76 65 5F 6D 69 78 5F 46 4D 49 74 65 6D 57 72 61 70 4C 6F 61 64 69 6E 67 4D 75 73 69 63 50 61 63 6B 73 2F 42 48 65 72 6F 65 73 68 6F 64 43 50 5F 5F 46 5F 46 61 6C 6C 62 61 63 6B 4D 6D 61 6E 64 6F 5F 46 5F 49 6E 6E 6F 76 73 42 61 63 6B 70 49 44 5F 52 6D 73 2F 43 54 72 61 69 6C 73 44 61 6E 63 49 44 5F 4D 6F 76 65 73 47 6C 69 64 65 72 5F 57 72 61 70 4C 53 44 65 66 61 75 6C 74 42 61 6E 6E 65 72 73 43 6F 6C 6F 72 43 61 74 65 67 6F 72 4D 61 70 49 63 6F 6E 4E 6F 46 65 41 63 63 65 73 6F 72 46 5F 4D 45 44 5F 50 6F 6E 79 74 61 69 6C 4D 65 64 69 75 6D 2F 48 65 61 64 4D 48 65 61 64 45 6D 70 74 79 41 76 67 5F 5F 5F 50 68 79 73 41 73 65 74 45 6E 76 69 72 6F 6E 6D 65 6E 74 2F 42 6C 75 65 70 72 69 6E 74 74 74 6C 65 50 61 73 73 43 75 72 72 65 6E 63 79 49 49 4F 6E 49 49 54 6F 47 6C 6F 62 61 6C 2F 54 65 78 74 75 72 2F 42 6C 61 6E 6B 73 70 61 72 65 6E 31 78 31 55 49 2F 46 6F 75 6E 64 49 6E 70 75 74 41 63 44 61 74 61 54 61 62 6C 65 63 2D 2D 2D 31 32 38 73 2F 46 4F 52 54 5F 42 61 73 69 63 5F 4D 61 72 6B 5F 49 49 49 44 5F 53 63 72 69 70 74 2F 46 6F 72 74 69 74 65 5F 43 5F 43 5F 43 30 30 33 5F 52 65 64 34 5F 42 6C 61 63 6B 33 31 5F 44 69 6E 6F 73 61 75 72 34 33 5F 50 7A 7A 61 35 31 5F 4D 65 72 6D 6E 33 5F 4A 61 69 6C 62 69 72 64 35 5F 50 53 42 75 72 6E 6F 75 35 37 5F 56 73 69 74 6F 72 38 44 61 72 6B 45 61 67 36 43 61 72 62 69 64 65 37 36 5F 53 68 61 72 38 30 74 72 65 65 74 52 61 63 62 72 61 38 31 5F 53 63 75 62 32 46 65 6D 33 4C 69 66 65 67 75 61 38 37 5F 45 78 65 72 63 69 73 65 39 57 68 69 74 65 39 30 5F 39 33 48 69 70 70 69 34 35 5F 52 61 76 6E 51 75 69 6C 6C 31 30 37 5F 47 61 72 61 67 65 42 61 6E 64 31 39 5F 56 6D 70 69 72 65 32 33 5F 44 4A 34 5F 53 63 61 72 65 63 72 6F 77 4D 35 34 36 5F 6C 4A 61 63 6B 65 74 73 37 4C 69 6C 4B 65 76 36 33 5F 49 63 65 69 6E 67 38 36 5F 47 69 6E 67 65 72 62 72 65 61 43 39 31 30 33 31 5F 52 65 74 72 6F 35 65 76 61 6C 39 46 5F 44 69 73 63 34 33 53 74 65 61 6C 74 68 34 63 69 50 6F 70 36 48 6F 6C 69 64 61 79 53 77 65 61 74 65 72 38 35 31 4D 45 6C 66 36 6B 69 47 69 72 37 32 4D 5F 53 63 6F 75 74 37 38 61 76 65 34 41 73 73 61 73 73 69 6E 39 52 69 64 39 35 31 30 42 75 6E 6E 79 37 50 61 6A 61 6D 61 31 35 4D 75 65 36 61 63 6B 39 46 6E 64 32 32 4D 65 74 61 6C 33 46 54 61 63 74 63 61 6C 57 6F 6F 64 6C 61 6E 64 39 44 65 31 57 61 72 70 61 69 6E 74 34 35 46 36 4D 42 61 73 6B 65 74 37 46 35 30 6F 63 63 65 72 47 75 6D 73 68 6F 65 39 44 61 72 36 35 4D 56 69 6B 69 6E 67 36 46 37 4D 5F 39 31 38 39 46 5F 42 6C 75 65 53 61 6D 75 72 61 69 32 30 36 42 6C 32 32 39 42 6F 34 35 75 72 72 62 75 72 67 50 6A 73 35 48 61 6C 6C 6F 77 65 65 6E 32 37 75 73 68 43 68 65 66 38 59 65 74 38 4E 65 38 4D 39 37 4D 61 33 31 65 72 69 79 61 6B 69 46 69 73 32 38 46 6E 6E 69 73 35 32 53 68 69 35 35 36 52 65 62 69 72 74 68 41 37 42 38 43 39 44 36 30 4D 41 31 42 32 43 33 41 5F 32 37 32 72 69 6D 65 33 5F 42 34 43 35 44 36 45 37 46 38 47 39 4D 38 30 4D 38 31 43 32 44 33 45 34 46 35 47 2E 2E 42 70 69 6E 41 70 70 6C 65 53 6F 75 72 53 69 6E 67 6C 65 44 6F 6E 75 74 50 6C 61 74 46 61 6E 6C 61 69 6C 48 6F 77 65 72 54 61 70 61 73 57 61 73 61 62 69 53 65 61 53 61 6C 53 74 61 66 66 55 73 65 72 46 61 63 69 6E 67 46 6C 61 67 73 2E 42 75 69 6C 74 49 6E 5F 43 2E 76 54 72 69 67 67 65 2E 52 65 6D 6F 76 65 44 69 73 67 75 69 65 2E 73 2E 4E 50 43 2E 53 6C 6F 6E 65 54 6D 46 6F 72 53 74 61 74 4F 62 6A 65 63 74 5F 53 65 61 73 6F 6E 57 69 6E 73 43 5F 43 43 75 65 2E 43 72 61 74 69 76 65 2E 50 6F 73 73 65 73 73 50 72 6F 70 47 72 61 6E 74 65 64 2E 44 69 73 68 46 52 65 6D 6F 4C 74 48 69 64 65 20 45 6C 65 20 30 31 32 33 34 35 36 37 38 39 31 30 32 33 34 35 36 37 38 39 73 4F 6E 6C 79 43 6F 6E 73 52 65 64 43 68 6C 48 54 5F 43 72 75 6E 63 68 56 65 72 74 5F 43 5F 43 4D 53 5F 43 54 6F 5F 43 6C 00 CC 96 98 D4 47 82 3B 96 5E 65 28 3C 21 CE 7D 8B F2 B0 A2 62 C4 0B 2E 44 64 09 3C 4B 5E C2 10 22 21 B0 42 CF 94 88 49 90 62 56 99 E1 05 DC D9 14 13 7E BD BC 55 A5 9E 14 E2 20 33 9A 39 E9 0E 92 FB FF 9C 0E 04 F5 7A EB 06 47 09 76 9C 91 2E 5D 8D DD 11 29 F5 8E 73 23 EA F1 7F 30 46 96 6D CB F7 92 51 62 93 D9 A3 5F 80 04 80 02 00 00 00 07 80 03 00 06 80 04 00 08 80 05 00 0C 80 B5 EA C0 A1 E4 12 9C 54 06 00 0B 00 00 80 07 00 00 00 01 00 00 80 08 00 00 00 05 00 00 80 09 00 00 00 03 00 00 80 0A 00 00 00 09 00 00 80 0B 00 00 00 02 00 00 80 0C 00 00 00 0A 51 E2 BB CC 04 08 76 FF FF FF FF FF FF FF FF E3 22 58 A5 6D 55 F8 70 0D FC B9 34 75 AE 70 78 3C CB 8A 60 E2 D4 31 70 09 45 93 13 3A 01 65 DE BD 2D 5F 46 F7 DE 0B 01 02 08 0C 0A 01 09 03 02 04 0B 0D 07 05 0E 01 0C 02 50 01 02 01 12 02 0C 01 02 02 01 02 01 07 01 03 03 04 01 04 01 03 01 00 03 F7 05 01 01 00 20 20 41 4E 59 28 20 20 29 00 38 2B 27 E8 00 05 00 03 FA 3B EA 00 28 E9 F9 03 3A ED 29 EB 39 EC F4 FF FF FF 37 00 5F 00 00 00 00 36 5E 34 5C 35 5D 15 0D 01 0F 10 11 12 13 14 15 17 16 06 18 19 1A 1B 1C 1D 1E 1F 20 00 21 32 00 F2 00 4D F1 4C 63 2D F4 08 2A 84 00 2B D1 2E 07 01 30 26 31 28 33 2D 2C 36 2F 38 FE FD FF FF FF FC FF FF FF FA FB 1E 51 BF 00 C0 C1 C2 87 89 88 A2 B4 B8 94 AB 9A 9B 97 A4 95 A0 8A 90 92 AF A9 A8 A7 A1 9F 96 9D B6 00 BB BC BD BE 8D 8E A6 A3 9E A5 9C B0 AA 93 B7 B9 B3 AE 91 B5 B1 BA 8B 8C 8F 98 AC AD B2 99 50 66 67 74 6B 68 78 69 83 81 77 76 79 7A 6E 6A 6C 72 73 75 6D 7E 7D 7C 7B 71 6F 70 82 80 7F F6 FF FF FF F5 FF FF FF 4A D3 42 22 21 54 00 22 55 48 39 23 56 43 25 26 5A 46 31 24 57 44 29 1E 59 00 20 30 01 1F 2F 17 FF 18 00 19 FD 1A FE 00 41 08 01 1B 52 00 1C 53 00 1D 5B 00 25 58 45 2E 3E 60 40 EE 3F 65 00 47 35 01 02 27 01 F3 FF FF FF F7 FF FF FF 49 37 4B F2 FF FF FF 0E C3 C4 C5 C6 C7 C8 C9 CA CB CC CD CE CF D0 F8 FF FF FF 00 FA 43 00 03 13 DA 08 F3 DE 0E 01 D9 11 F8 00 D6 10 86 E5 0A FB E1 06 D2 E0 13 33 01 D4 0F 85 00 DB 09 F5 DF 05 4F D5 15 64 E6 16 32 01 E2 0B 23 E4 0D 2C E3 14 24 DD 12 01 D8 04 F0 00 D7 07 EF DC 0C 2A 01 09 80 0B 09 02 03 E7 F6 01 01 02 00 01 57 2C 20 20 29 00 80 0B 09 0A 01 02 28 4C 4C 47 20 29 01 0C 01 2D 09 C0 06 01 29 61 00 3F 3D 00 62 00 3C 61 4E FC 00 00 00 00 00 00 00 00 00 00 00 00 00 00 00 00 06 8B 92 92 96 96 92 92 99 92 92 96 00 28 9D 8F 8F 8F 8F 99 8F 8F 8F 2B 8F 8F 8F 8F 8F 8F 9F 8F 9F 2D 8F 8F 8F 29 8F 8F 8F 8F 3B 8F A9 8F 8F 8F 29 8F 9D 9F 4F 29 23 78 8F 8F 2F 8F 99 2D 21 28 8F 8F 2D 29 2D 29 2F 5F 99 9B C9 99 8F 9D 2D 2B 3B 8D 87 87 87 2F 87 79 F8 D0 87 94 7A 8F 87 8E 8F 7A 35 28 78 62 3C 87 87 87 7F 98 87 87 26 8B 7C F8 F8 87 87 87 7D 90 49 78 98 79 F8 F8 D0 87 7A F0 F0 F8 F8 78 F0 A8 78 F8 F8 F8 F8 C8 78 F8 F8 F8 F8 C0 25 7C F8 F8 F8 F8 C8 87 7C F8 F8 F8 F0 87 52 58 28 78 F8 F8 D0 87 52 78 F8 F8 F8 D8 87 2C 20 51 78 F8 F8 F8 A8 87 76 78 A0 7E F8 F8 87 87 23 28 38 7D F8 F8 D0 7F F0 78 F8 F8 E0 87 49 78 E8 F9 F8 F8 E0 8E 52 40 30 78 F8 F8 E0 87 7D F8 F8 F8 F8 BB 87 7B 78 F8 F8 E0 87 87 87 87 2D 99 69 78 F8 F8 F8 98 87 7C F8 F8 98 38 87 23 91 3E 91 39 7D F8 F8 F8 F8 C0 7D F0 F0 F0 30 48 50 78 78 F8 F8 F8 E8 68 38 87 87 87 6E 87 7F E0 41 7A F8 F8 7E F8 E8 27 47 78 F8 F8 90 3F 7E F8 F8 B8 F1 C0 40 38 78 F8 B8 87 21 40 78 F8 B8 37 20 68 78 F8 B8 87 22 48 78 F8 B8 38 3B 78 F0 C0 40 38 78 E0 25 22 22 3A 21 87 7C F8 F8 A0 F9 F8 F8 28 20 87 26 28 60 28 59 35 24 79 E8 50 7B F0 78 A0 7E F8 B0 24 2B 7D F0 46 79 F8 78 7C F0 78 B8 7A F0 C0 50 58 78 F8 78 3F 78 F0 C0 40 68 3F 87 25 78 C8 7B D0 78 B0 7C 60 68 60 42 78 F0 98 91 8D 3B 55 87 7A F0 98 38 87 2C 20 60 78 F8 90 79 60 9C 25 78 40 38 20 24 28 39 8F 7A F0 F0 A0 30 78 87 54 87 2B 40 38 58 78 F8 F8 C0 87 79 F8 F8 F8 90 87 7A F8 F8 F8 38 79 F8 F8 F8 28 22 78 F0 F0 F0 68 78 F0 F0 F8 50 79 F8 F8 F8 40 79 F8 F8 F8 30 78 F8 F8 F8 90 7A F0 F0 F0 A8 28 68 87 56 8F 28 8D B3 87 31 4D 38 22 87 7A A0 50 20 20 21 21 21 34 30 2F 38 68 7D C8 48 38 87 42 79 21 87 8C 23 78 F8 F8 30 40 30 48 78 F0 7A 40 78 40 78 60 78 78 78 60 78 58 78 F8 7A 48 78 68 78 B0 70 60 78 A8 78 90 7A B8 78 A0 78 90 78 F8 78 40 20 37 30 5F 87 2C 8C 2B 8F 31 87 23 30 87 33 8C 35 89 3F 91 2F 28 37 92 87 21 4B 5F B1 4B 89 5F 87 54 61 5D 7B 50 8A 5D B1 68 8D 56 87 DF 8C 5D 43 32 87 4D 51 58 2B 87 61 89 2E 8E 2B 87 3E 40 78 A0 78 F8 A0 29 39 48 38 FA C0 FA 98 36 F9 A0 20 34 F9 90 36 7A A0 37 F9 A8 35 F9 A0 87 37 F9 D8 58 28 F2 98 C1 2B F1 38 35 FA 90 AF F1 B0 28 28 79 B8 23 30 F9 A0 87 29 F9 A8 3B FA A0 20 38 7A A8 35 F9 A0 26 30 FA 90 51 32 F9 E8 33 F1 98 99 32 FA A0 35 F1 98 E1 78 A8 8C 87 34 F9 A0 32 79 B0 87 31 F9 A0 40 30 F1 98 F9 F9 90 39 26 30 F9 90 F9 B8 FA A8 2D 30 78 A8 37 F9 D8 33 FA 90 29 36 F9 90 51 28 F9 98 FA 79 E8 7A A8 78 30 F9 98 87 A6 FB A0 3A F3 A0 28 22 28 FA A8 97 2B F9 A8 87 4A 7A B0 8B 34 79 A0 33 F1 30 2A 30 F9 90 31 38 FA A0 32 7A B0 87 33 F2 98 99 2C FA A0 33 FB A0 3F 31 F1 F0 A8 B1 F1 F0 A8 B1 F1 F0 A8 A9 FA 90 F9 B1 F1 F0 A8 B1 F1 F0 A8 B1 F1 F0 50 7D A8 44 F9 C8 42 F1 D8 C1 F1 D8 C1 F1 D8 C1 F1 D8 C1 F1 D8 C1 F9 90 69 F2 98 F9 F2 58 C1 F9 D0 C1 F1 D8 C1 F1 D8 C1 F9 D0 51 78 C0 78 F8 48 B9 22 7B A0 50 78 98 28 87 7A 98 50 48 78 E8 7E C0 87 7A A0 78 E0 30 78 98 7B A8 7C 98 38 28 78 98 48 78 98 21 87 7A E0 7E 98 48 78 98 28 78 98 50 78 98 7E A0 D5 87 87 87 2A 78 D0 78 D0 78 D8 78 F8 98 78 E0 78 A0 78 A0 7A F8 F8 78 F8 F8 98 78 A8 70 78 E8 70 78 F8 A8 28 21 29 8E 87 8E 29 40 49 78 F8 C8 40 87 74 21 79 C8 4B 87 87 7F D0 78 D8 78 C0 78 C8 78 D0 78 98 79 F8 90 7A 20 78 F0 C0 28 20 8E 87 87 6B 20 78 87 31 68 78 25 30 78 D8 F4 98 91 21 68 87 21 73 F1 F1 F1 F1 F1 F1 F1 E9 70 EA 69 E9 E9 E9 E9 E9 E9 A1 38 87 2A 25 87 27 70 7A D0 78 B0 78 38 58 78 90 7B 48 68 78 D0 50 78 F0 70 38 68 78 A8 78 A8 79 7A B0 78 F8 B0 78 72 68 70 50 60 3A 20 20 40 48 29 78 C8 38 00 38 21 91 96 92 92 92 92 92 92 87 93 87 87 87 87 87 87 87 21 87 87 81 01 87 87 87 35 32 B2 40 40 40 40 87 42 58 79 79 48 E1 E1 E1 E1 E1 E1 E1 E1 E1 E1 E1 49 87 8E 4D 79 98 59 B9 D9 9D BB 29 9C 7E C0 3C 79 39 7A 5C 39 99 B9 B9 41 38 B9 99 B9 D9 B9 59 B9 D9 9D 99 B9 BD D9 B9 D9 B9 D9 99 3A 38 B9 B9 B9 B9 B9 B9 B9 B9 99 99 B9 B9 B9 B9 B9 B9 B9 B9 99 99 B9 B2 B9 99 B9 59 B9 D9 B9 D9 99 39 99 B9 B9 59 B9 D2 B9 D9 B9 D9 B9 D9 B9 D9 B9 D1 28 99 87 9A 99 39 B9 99 79 F9 A0 F9 A0 F9 A0 F9 A0 F9 A0 F9 A0 F9 A0 F9 A0 F9 A0 F9 A0 F9 A0 F9 A0 F9 A0 F9 A0 F9 A0 F9 A0 F9 A0 F9 A0 F9 A0 F9 A0 F9 A0 F9 A0 F9 A0 F9 A0 F9

Replace:

8C 06 00 1A 78 80 1A 76 00 00 00 00 BB 37 00 00 40 4A 00 11 B8 48 08 08 20 AB 7F 93 2D CC FF 2A AD B5 51 FE 57 ED FD 75 D9 A5 FF 7F 6F FE E1 85 51 91 C8 EC FD 6E A7 F5 DF F2 7F 7B FB DD BE 95 ED 6D 55 55 75 55 54 6A AA AA 8D 40 8D 09 00 2D 03 A3 87 AD B3 8C 84 B9 9E 45 C7 AE 97 42 CA 6B 4E F5 5F 8E DB AD FB EF 9C 72 7B 64 BF 20 01 8D 54 29 6E CF C8 2C CD 4A 78 BF 40 B3 2D 7D 9F 4D 76 4D 46 17 AB FD 69 6E 4B 6A 7E BA F9 BE B5 D7 7D 3B DE 36 0E 07 97 C5 DB A2 66 E1 AB 2F FA D7 0A E6 DE 6D 0B 34 06 6B A6 AD 8B 2F C7 FD CF 25 36 AC 49 BB EF 04 07 FC 4B 52 F8 F8 8C 1A D7 59 92 88 66 47 D9 7D 03 DD E3 5B B6 61 86 02 7F 7D 62 D4 50 E1 AD A9 63 45 BE EE E1 3F 77 45 98 BE EF 59 FD DD D2 B7 7D 2E 2F BA 68 C3 CC 07 E3 6E 06 CF BA 8B 37 A2 4E C9 7C B9 4B 5C 60 C1 85 18 77 1B D9 C8 FE C4 34 77 D7 BA C7 A7 C4 AE B7 E3 FF 6B F1 99 FE A7 E8 7B FA 6F E8 5E F4 F4 AD F3 8C 73 C7 2E 5C B2 75 7B C4 91 E9 CD C9 64 FB 04 1F 22 F2 85 F8 FC 74 5B C9 EE 83 CC 94 5F 4F 1F 15 4E A1 EB 2E 7D 02 1B 75 A2 53 5D 7A 34 27 E5 93 E7 BA 95 89 07 F3 61 AA C4 DF 98 6D 9B 3D BA 3B F5 6E 46 7D DF B8 B1 6E E9 8F B4 BF BC 0E 27 BE 19 97 6E 11 5E A6 C9 88 0C 0E D8 55 79 40 3B F3 64 50 5E 47 DC 62 51 3E DE F8 45 BE FE 6F E6 62 BE 3C 7E 1C 3B 69 8C 7F F4 CA 8A 43 B9 2B 72 73 1D 5A 2C 95 4D 97 8B 4F CC B4 36 38 DE 5F F6 67 73 B5 8B F7 D6 D7 99 2B 22 D9 83 15 21 9F B8 B8 FC 47 B9 5F C7 A1 C2 CB 77 85 27 B5 F6 33 E9 10 BB 2B BF 45 B1 15 F1 E1 6D 53 CB F7 DB 6C 3A 74 E4 71 6F 6D 77 59 F9 9E 87 92 64 FD 8E 88 C6 4B 46 EE 14 DF C8 D2 71 55 91 9C 95 AB BD 47 9D D9 94 34 70 D8 EC 01 9E 16 5F D8 CD 16 E1 E7 1D 32 CF 9E 5A 59 59 AA DC 53 FF EA 97 50 5D 56 5D B4 9C F7 FC EB DA EB E3 4B 24 0F 9E 17 46 FD 8C 5C E2 E3 D0 9F 9D 7D 52 35 6A EA CE 67 FE E5 B6 19 CB 1D AE 35 3F 1D F1 E6 3D 1E F6 24 79 16 71 75 96 C7 64 B7 7B 91 B3 EC 8A 35 8B B8 DB CF 76 DF 75 A9 6D 6D 49 2F 3C 58 A6 F3 AE DE ED 30 F9 6A 60 C5 C4 A0 80 C3 43 B6 4C 4D 48 4F 6D B2 F5 78 B5 C8 F5 F5 19 61 F5 EF 91 5D 5D CB BD BF 9E 7B 6A 95 98 92 3D 2E 2A AA 47 E0 58 97 F7 3E E7 8F 9A C5 77 B6 F7 16 96 AD 9A 7E 2F 3D 6C E1 50 55 CA D6 E7 8B 79 BC 60 85 35 FA BB BB C1 DC CB F5 ED C7 59 AB FD 77 6E 5C D9 76 5B A6 8A E1 DE FE F1 E5 82 F5 DD 8D C8 F4 FB DD 37 21 E2 3D 05 27 E6 64 BB 7C 79 F9 BE 30 B0 64 B2 7D 65 52 F0 AE D8 17 07 C6 0C 6C 8F 99 1F 56 64 71 5E 7B 67 F7 F8 88 2D 95 CF 37 29 9D 2E BD F8 3E 67 71 D1 FF AB 4F 5D 0A 58 FB E2 5D B6 D7 03 32 69 E3 CE 6B B5 CF E5 71 A7 4A 9B 42 45 29 9D E7 E7 CC 8D B4 9E 9F 4A 9C D9 7B 61 82 EE 70 C2 77 FC 64 75 D4 92 D3 C2 31 95 0D 61 C7 CE C4 67 1D 3B FD 2A 40 B0 55 BD FB 5B C6 D0 45 EC D7 E5 35 27 D8 0E 03 AD E1 5E 78 75 C1 B1 E4 D3 2B 58 61 95 0B 92 66 BB B4 0C 19 71 ED ED E4 35 07 9D BD 01 A5 69 53 D2 12 E1 E6 AB 13 71 39 B1 3D CB 64 AE 4B 2A A2 53 62 7D 2E 57 8E 6E 48 75 F1 54 D9 9F 7A 34 61 5D 42 ED B2 D8 7F 7B B4 19 93 FE 3E B1 28 C3 75 DC 2C CE 3F 1D 55 5B 24 A3 9F BB 1E 59 25 DA FA 5F DE 8C 1B 4A FE EA C6 9A 1F 87 64 19 4F 2C F9 67 94 3F 66 E5 1C 4F 40 A9 E7 34 F9 EF FF B3 AE 61 B3 72 A2 03 3C 87 92 BC 86 CC 8A D8 54 B7 F0 92 1D 33 16 DC F4 AA 38 DE A3 F3 3C AD 33 9C 8B B8 76 76 B3 74 3F 13 97 2F FF 1C 33 CF B6 F8 BF FE F0 82 A9 16 CF D7 46 F7 1D 4D EA C8 D8 D5 3A F8 BF 2D 96 5A AB FF 35 04 2C 98 B9 F5 E2 BA 65 05 7F 2C F3 AA DB 5B 12 B4 E6 76 EF 9A 67 DF 6F FE FF 8C FF CF 9A AA 27 EF 6F 0E 6E 8F 54 5F 58 D0 DD 91 B9 26 6F F2 7B 63 69 31 E1 FB 22 37 97 AE 6D F8 C0 AA 7A B4 B3 62 D9 C2 09 D7 13 CA 46 DA C9 D5 5D E1 9D 33 6E BF BD 7C B0 7B 5F 5C 4A F2 B7 A2 25 38 21 B5 76 1C 13 2C 7F 93 EA FD AD 71 CD B9 E5 97 AE 59 79 2D 76 EA 5E E6 A1 F3 73 7D 55 B2 49 11 90 34 64 F4 A4 7C FD A6 19 8B 3D 4A F6 B5 DE EC 3A 91 F2 18 B3 72 5C 3F E4 FB 15 61 E6 3A CF 49 FB 73 44 E9 E6 CB C7 4F 76 3C 4F AC 3D 6E BB 3B F9 D4 5D B7 CB 47 1F 47 AF 4C 0A 38 7B BF EA 53 DA E1 E8 96 93 07 9B 2C D3 5C 66 16 D5 EE 70 5E 17 B6 AD BD 7B 4F 88 7B 5D E8 AA 20 EF 7A D7 EC D5 BC A5 9F CE 2C A5 0E 4F 0E 23 E7 8E AA 8D CA 9C DD B9 E1 C3 F4 0F 47 44 13 FF F0 5A C9 FB 96 F2 4F F4 F6 2F BE D3 63 8E 16 6E 1A 7D 14 4B 28 95 B4 46 3C A8 A7 2F 86 EF C9 44 51 7F 0A 36 8C 9C 78 7A D0 D7 BC 2C 6F 06 84 46 84 1D FE 12 12 A2 D4 DA B6 34 9E F1 AC 4F C9 39 B0 CB DA DB 7D E5 88 EE F4 48 43 A2 55 6B 67 CA 84 FA F7 8B 4B 7D BA 87 2D 7B 35 FC 70 F9 F7 11 71 96 2F DC 1A 3B 72 1F 9C B8 92 6F EB CC 1F 4C D4 2F FA 97 75 3F B8 75 BF 7A C8 48 B7 B6 02 EE DC F1 29 89 FA 77 BB 5C 3A 62 58 96 B9 A2 94 B2 97 E5 B5 CE 5D BD 53 AE CB 77 C6 7D 66 F2 B7 8C 7B 3E 74 E1 F2 61 0B A5 DA E9 49 E5 19 FC 1D EC 87 05 D1 9E E1 DC F0 7F 86 3F 75 FA CA 74 8A 3A F2 6E FF 27 D2 9C E1 BA AF 37 8D 97 BE 5B BF 35 C4 E6 5D DE AA 86 AC 69 6F EB CB A7 5C 7F 9B 36 DA C5 8B 9D B3 EA 06 FA 19 AF BA C1 2D 3C BD F1 9F A6 9D DE B1 19 49 21 F7 E7 D7 7A 3F 54 4B AA 6C 6F 95 7F 8E 9B FE F6 62 BD 8D 5D 5C 66 DA 9C BB B6 C5 5C BD ED 3F A1 5B 4A 56 6C E8 17 7C C0 5D CE 3F 32 14 2F FA 5C BC 27 F4 D4 C2 88 E0 A2 6B DD C7 94 A2 A6 C6 90 D5 C7 F6 5A AB 93 AE FF 56 53 F0 8F E9 E6 48 FF EB 53 7C 6E FD ED 9F D5 F2 E4 75 B9 57 66 6A C9 EF 35 4E AD CC B9 73 5B 8A 73 88 F5 D1 1F 9F 89 84 3E 79 5B F2 F8 D5 E6 CC C1 F8 F8 A3 6F D8 8D 8F 27 09 7D ED FC 93 F6 6C 6B EB AB 9C 9F 99 68 ED A9 AA F3 59 05 01 42 9F 59 AF FE F0 EF BE CF 08 1D AC 3F 6F 69 E2 FC 36 8E A5 EF 53 43 7D 98 E5 7A B6 60 BB 14 78 22 13 9B 5B 08 2C CE DB 71 79 59 E7 EC 6D F2 76 17 3C DD 90 2C 79 CE BC A3 CB 59 39 FC D6 E3 C1 BB E8 B8 FD A8 F7 EE 3F 3D D1 5E CB 9F C2 7E D3 7C FF 73 7B 88 6F 3B D2 C7 61 6A B3 54 EF DD 19 29 FB 7E D3 EA 36 D2 1A 3B 71 C5 56 EE 5D 4F BF 4E B3 31 41 F7 95 95 E5 F0 7B 9D 4B 3A FA 1B 73 A0 3A 8E 50 C8 75 EC E0 73 CA 5C 6E 1A 11 FC 78 5A 39 16 D9 11 8C BD 2F EC C3 1E 94 10 36 7A B8 AC 80 A9 97 B9 42 E2 FB 48 EC 48 37 6A AD 1F 2B D0 CA E3 FC 8B E2 62 30 4B 2C 76 79 BC EF 7F A4 9A F6 73 36 41 36 1F 0F 76 70 35 5B 16 A6 5F 01 39 AA B9 43 F3 E9 62 BF C9 49 43 7D B3 54 ED 3C 3C 5A D2 B4 DE E7 CD 2D D9 D2 83 7C 35 62 FF CC 50 AF EF B6 AD 2E 5B 2E 39 FE 1B 87 69 F0 EF 2B F8 7E 59 CE 5F 9A 8A B2 F7 B9 3D 3B A2 F8 63 C1 8B C4 C0 26 B8 1A CE 5A CF 9C C6 C9 87 5A 97 7E 65 C5 03 E2 09 B3 DC F6 8E A5 BD 45 E4 99 75 65 84 5A AC 8F 6E 66 4F 5F D0 99 97 7F EC 38 13 79 A2 B8 29 CE 66 12 D6 54 55 C9 D3 D1 F6 B9 1E DD D6 F9 73 BF E6 51 3D A6 3B 8F 93 DA EC A1 FE 7A 28 FC 93 F4 EA BA 1B DC 4F F5 6E AB C2 3C BE D6 97 D1 B1 B1 41 B5 4E 8D BC 92 35 C2 D7 D8 43 6E 20 A9 2F 78 C3 F6 F0 9C CC 43 9C 96 51 F4 78 6A 73 4F CA 8C 0A 2B EF E7 C1 2B 80 28 A2 95 55 4D 8E 2A 76 01 17 F2 DC BC E7 AD F7 2A B3 90 FC AC 6E 6F FC E9 E4 3B 44 D9 77 6E ED B6 25 64 98 53 5E EE 0E F2 AF FE 79 CE 01 2E 3B 84 C3 69 7C EC 38 B4 EF F1 3F EF CD 17 27 15 43 DF CB 8B 76 5D BE 4C 55 FE 8A E3 6F 69 C7 AA A4 2D CD 75 D4 EF 41 EE BB 66 BA FF 25 5D 5E DA 1F CB 23 BF 48 B6 85 D4 FE 33 B6 5D 9C 1C DB 9E B7 07 53 DF 03 4B A5 11 A0 D8 FD 65 36 B8 78 2D 97 70 7C CA 2C 77 B7 43 8E E3 BE 5D B3 71 BD 82 B8 D5 BE 4A 2B 4F F0 74 8C CD 1F CA 5B DF DE B2 C5 47 F5 C9 3A 2A 73 11 1D 25 1D ED 46 EB C9 9D A8 AE D3 70 32 38 FC 62 95 56 3A AF 45 8F 53 1F D7 58 E0 B2 AF F3 2E 2A B6 61 2F B2 3C 3A A0 79 7D C5 E7 DA 19 AD E4 16 AF B3 ED E6 FD E2 11 EA 72 72 1D 19 19 CE DE B3 43 4E 85 A4 3A 7B 3D C7 69 D9 E6 3D B1 55 13 1F 37 D1 EA DA A4 DF F7 AD BB BA 94 B3 D7 B8 0D 16 6A 0A CA 12 9B 3A 33 A5 2F 31 0D 9D CD F3 BD 25 F0 97 69 3F AB AE B6 3F EB D1 48 AC 7D D4 CF EF 71 7B ED 4B C2 5B 9F D8 C5 16 74 5B BA 5A 97 A9 50 A1 57 5A 3F 9C C6 AB 73 AB 97 E1 09 95 31 D9 D5 F8 B5 3D 69 D7 6C B7 C9 33 E0 D9 8E E8 F6 DD A2 DC F9 3F 0D 96 D9 9F BA 23 CD 46 F2 83 89 E7 17 9C 5F 67 E6 C5 9B 9C 7B 65 36 C3 6A D9 57 F9 5A E1 96 F4 B6 68 5F BB DE DE 47 53 AF CE 00 C4 FD E1 DB 73 D6 22 3A 90 22 80 A4 02 77 EC CA 87 5C F7 60 67 B8 17 5F 63 0A A2 B6 3B DC 09 BD 38 91 E5 7A A4 AE 3B B0 F1 C7 D8 CD EE E9 83 4E CB 27 5D B1 49 59 63 1F E0 63 F3 F3 FF F3 FC 7A BC E3 93 FB A3 32 9D 51 13 8A D7 20 12 B5 21 8C 54 0F 20 05 8E A1 76 03 1A 8E 6C 11 02 19 EA 47 5D A8 03 43 98 89 83 90 9C 03 16 08 D7 71 10 A7 18 11 08 E1 14 A2 31 60 10 81 08 1E 46 23 68 B3 22 90 41 D5 8B FA 18 86 C1 B5 EC A5 F6 C9 49 5B 63 57 8E 5A E2 68 29 55 B9 83 51 C1 38 FB CA 05 88 D2 0C 58 08 18 A5 8A 2E 37 21 5E 08 33 28 53 78 8B CD CD 50 17 C7 9D FA C5 78 18 F9 42 83 AD 81 DF C0 88 A2 59 2D 74 3F 4F AC 64 7F 6E 51 F3 CC 42 0C 95 0C F1 DD A7 7D A2 C7 57 4A 42 FB 08 6D 38 76 1C B6 D6 02 D7 8A DB 38 3C CC 5B D3 E5 88 75 8B 86 3B F7 00 0B 64 38 58 51 98 CE 92 8C 20 30 1C A9 04 72 12 47 26 A5 99 21 48 DD 44 88 49 BD 08 F7 23 95 66 12 BD 0D D0 66 64 1F 0B 8B 7A 66 89 89 EC C9 7E CD D3 A6 F6 B1 52 8B 1A 29 C9 A3 CC 3C 3B 2C 79 52 8A 2A D5 09 C3 10 8E 09 D8 18 1A 30 98 18 29 FA C1 C2 C4 06 E0 E8 CC 40 24 90 E1 94 08 F4 38 85 5C 8D 18 18 D4 04 22 1A B9 5A B5 06 19 85 34 46 03 72 05 9A 32 60 B4 BD 91 C5 ED C1 06 DD 80 6F 02 19 46 E1 18 CE 31 E8 71 67 0B 2D 0B A7 1C 31 3D 10 B8 05 C9 21 28 85 1E F4 B4 89 AD A4 86 03 00 F4 E9 31 44 0A C1 D7 C0 6D 53 21 40 80 9B D3 32 A0 C4 0C CE 00 02 D0 02 08 10 00 00 00 00 30 E6 20 0C B1 18 A1 C1 54 2A 70 D1 89 84 42 23 8E 80 4F 0C B0 D8 BD 54 8B 53 BF 94 4D 0C 36 13 F0 EB 25 0F 04 83 C8 B9 1D 51 3F 7B 19 9E 41 FD 05 74 00 00 BF E1 3A A6 86 2B A7 A4 94 A7 D5 94 13 23 73 B2 A3 DF 46 D4 1F B8 F1 FA C7 FD 9B 29 92 A8 9F 9B 57 FE 39 8C 9B BB F6 C6 BC 5E 4E 8E CB DB DA B5 38 10 AF C4 71 1A 20 21 AE 44 E3 60 FC 79 55 5F C7 E1 7C F1 90 8A 57 F9 EA A2 39 5A 06 33 C3 4C 18 06 18 01 60 1D EB 74 C2 FE 37 46 06 B8 2A 32 08 00 00 C3 00 0C 0C D3 EA 15 03 C0 C2 A7 31 2F 81 21 64 C2 1E 07 46 EB 18 54 A7 1C 3A C4 9E DB AF E9 BC AE 95 6B 00 C3 18 8D 58 C3 AC 06 18 62 24 68 1D CD 54 5F 1A 5E E7 EA ED BC 9C FE 0C 4C 14 94 02 00 E8 0C F4 28 33 DC 64 4E 31 30 DB 40 89 80 C2 18 83 91 61 46 F3 71 F0 6D 02 7A 3C 4D 8D 5D CA 20 84 00 E1 1F 1B F4 27 73 C6 FC D6 BE E2 DA 3E 7B FF 75 59 3B D7 B7 36 EA 6E 13 DF 4B 42 69 94 65 E0 5E B5 B0 77 BF E8 3F CD 12 33 4D 98 86 F6 DF DB 45 7F B0 B1 C3 4F D7 3F 99 82 62 7E A1 19 A8 0F 75 21 84 21 06 99 48 39 EA E1 23 7B 64 C3 20 C6 0E 35 A0 66 84 D8 88 42 84 01 29 10 CB 80 78 4A 1C 81 0D 8F C5 46 02 06 18 06 F1 75 0C 52 A9 15 9D A8 09 A9 59 7A 84 BA 90 1C 59 71 59 54 D0 CA 89 C9 B3 27 C7 FB 05 DA B8 6A 2C 26 71 79 0C E2 9A 37 59 13 2C 67 44 48 04 98 66 B2 58 62 C9 FA 85 84 A4 52 A6 23 34 12 A5 AD 01 D8 4A 1E 7F 40 CC E2 F0 35 04 CB 5D C1 E6 F5 1B 01 94 44 8B 9E C4 29 0E FB 1D 25 B2 98 D8 DF 38 C4 5A 24 40 8E 2C D2 E0 AC F9 C5 FA 45 50 A4 41 24 EA C3 EB 1D FB 70 60 59 C8 B4 54 97 09 45 18 19 1B 95 35 F4 7F 36 A3 74 3C 92 61 30 52 22 22 75 DA 81 16 83 B5 14 D3 22 85 81 60 F7 03 6D 49 61 7A AE 8F D1 54 DC 62 70 C0 C5 36 CD 23 9E 61 8D BD 41 6A 95 9A 4F 22 0A F1 75 3F 29 A9 B4 B2 9D C0 00 21 A1 35 08 F8 34 D2 1A 31 85 C8 02 B1 CC 08 89 B2 1F 19 30 0D 8E F7 23 B9 1F E6 2E 1F D4 83 9A CF EA E7 72 00 C9 31 84 E9 87 A8 19 BC D5 AF 03 33 21 C4 25 5A 90 42 4B 04 E8 CD 69 27 82 12 F0 54 34 68 09 15 06 20 E6 F5 A9 24 38 C6 63 F4 2A DD 20 8B 06 36 26 A7 09 12 9C F5 38 68 71 8C 2F 71 66 F9 79 B3 25 14 C1 1E D4 EB 29 42 64 22 F4 83 06 23 4B E6 0F 00 26 00 5E 9F 1E 00 D8 6C 00 C0 F1 6F 0C 32 07 11 06 7C 7E 15 AD 64 39 B1 70 0F 86 30 B9 63 6C 0C F1 87 73 5A 1C 95 1F DC BA 8B 11 43 4D E9 21 E4 18 23 A5 F4 40 F0 18 10 50 B7 00 80 F6 20 0D 06 9C 91 D6 49 DD DB 58 FE E2 C4 5E 49 94 E7 FE 5B 85 BD 9B 5D 8E 1D 3B FB F7 BB CF C7 2B 9D 3D C2 77 BB 29 6A 17 2C EC 1C 6C 7D 00 0C F4 D4 7E 9B 4D 80 5E F3 8C 73 3B F0 AF 79 BF 7B 65 EE A8 5C AF B3 1C 28 9E 2A 00 DA C0 A6 F9 20 06 06 A7 71 16 9A E0 F9 D4 E3 47 3F 21 42 CC 12 06 84 00 40 02 80 85 DD 96 7A D7 10 27 8C CB 98 16 02 26 1E 42 F1 31 86 1E 1A DC 6B 0E B4 AB A0 C7 C8 62 84 22 1A A7 C0 82 01 86 89 7E 1A 40 02 2E A0 31 E6 B3 F2 3F A0 68 93 FB 20 27 EC 16 33 F7 1A 00 00 20 F4 57 B7 91 39 B6 ED FB 52 8A 4D 68 2C 40 CE D5 35 CA 70 56 1A 68 B0 04 4B 0E B0 0C 28 94 42 08 01 10 81 0A 75 C2 2A F6 25 03 DC 02 75 65 C5 86 0A D3 63 1A 85 55 BE 69 B3 15 42 50 31 92 82 34 B4 4C 50 00 02 F2 0D 09 80 F2 54 58 F1 A9 C3 34 5E 37 FD 5D 7A 86 4D C3 E8 06 6C 89 9D FD 34 31 D4 8A 8C B6 4C 11 C1 EA 59 B5 FA 4F 80 64 3E B6 06 0D 27 20 0D B6 A5 06 ED 18 F4 C3 1C 2C F1 CC 57 80 00 18 00 F7 2D 85 E2 F0 75 2C D3 11 EB 6D C1 7B CF 38 0D 00 04 18 20 59 80 66 0E 08 19 B1 39 AD 76 DE BF 79 F9 E7 4B CD 86 EB AD 24 D3 08 DA 70 34 03 1C F1 7B BB 00 20 72 FF 23 21 C1 D3 7E 3C A1 F4 A0 BC 06 C1 DC C9 CE CF FC E1 76 53 A0 6F 2E 71 71 D9 2A ED 2F 33 C7 16 E7 B0 F4 D8 A3 B0 1F E9 71 68 68 DA C0 01 7A 8D B9 CE 78 6C 0A D0 1A 4C 87 99 BE 37 01 68 62 D6 DC E9 08 50 CB B9 47 93 FF 9B 15 74 78 CA 52 6B 8C 91 28 77 DB E4 24 6A 04 03 18 17 B4 24 40 F2 46 78 00 26 00 00 F6 31 30 06 C0 06 DB 90 7A 71 C2 CE 03 3C D4 98 C0 47 24 D8 6D B3 80 11 86 B3 62 96 A4 50 11 B0 25 96 48 49 11 BD 07 1A 00 8F 10 0C 26 50 02 53 34 73 20 0C 1F 18 43 A0 46 CD 5C 32 FE 14 18 4B 80 0A 82 92 92 71 E9 01 24 8D D3 0E 30 40 73 73 00 8C 6C AE 41 81 A2 13 12 11 36 AE 24 90 20 50 CB 49 00 29 01 6A C0 44 89 AE 48 EC 0A 30 00 91 70 E2 64 DA A0 54 C1 8C 9A 3C A5 28 FC EF F5 A4 13 89 84 B6 4D F0 41 DF 94 F6 20 79 2B 64 E1 78 D3 40 F3 B6 5C 09 5E 8C 32 E6 92 6C 90 36 2C FE 72 B7 25 54 ED 55 CD F5 97 A0 C2 21 21 0F 70 A7 05 DA AB D7 03 14 8F 25 91 F1 D4 57 1B 33 4F 7D A4 F5 BD ED 49 90 BC 47 80 83 2C 08 CE BD 49 28 42 E6 FA 92 98 4C 08 E2 6A E0 40 20 72 80 4C D9 03 24 B1 85 AC 8C 61 08 D0 23 5C 3E D7 FA 79 EB B8 E3 09 A0 C9 46 D5 3C 61 AF 9C AB B7 A4 33 82 C3 FA 10 A4 3C 26 96 8B F0 60 6C C8 42 EF 02 36 CA D2 E1 2E 0A 16 7C 75 0A E4 26 E3 E7 D0 9C CE 36 4B 24 66 13 E9 BF 21 0A 8C 31 13 AA 42 66 58 83 5A C8 91 D2 04 90 04 D8 87 88 11 62 38 53 44 2B 21 12 3A 40 28 0A 28 8F 42 90 A9 0E 90 27 6A 23 50 5A 22 01 D2 11 22 92 10 7A 84 22 32 0D 51 C0 A4 7A A3 A6 82 9A FD 1A A8 41 03 F2 B0 DD DB 6B BF 1E C9 B7 BE AE 6C 37 4D 8C B9 CE 60 63 F8 5C 27 09 FA 7B A7 36 AB 2D 5F C5 DC CC 51 6E B7 E2 BE 4F B5 4E 47 AF 05 C7 8A AE D6 D7 E5 43 CC 7D BD 03 B6 40 13 04 03 A6 54 95 C8 62 A8 A8 AA 4F B8 1D 0A B4 AA 2B 2F 86 89 91 5A 5E FE 69 24 50 72 D6 AC A7 C9 55 32 69 24 A4 A4 E6 5C 93 A2 2B B5 BB 72 75 57 5D 52 2E BB BA A8 BB 7B 20 7C 31 B6 E5 69 6D 13 D0 BD 29 92 F5 11 BD 4A 8C B4 90 D2 BF 27 B4 1B F0 CB 01 00 9E 00 A3 96 BA B1 B9 B9 B9 E4 52 97 3A EB 9C 1B 6C 3B BB 71 78 6E 6F 5A 7B F3 AE DF 50 6A C7 87 E6 FF 33 97 35 D5 71 68 C9 7B 91 4B 46 85 FC F3 C4 48 9E 8F DD 69 91 E4 C5 AE 73 CD DC C9 38 92 B3 D9 E4 D4 C9 91 BC 4A F2 C6 F9 59 E3 45 92 D9 B1 3B 6C 7C 6C 12 9F C7 63 17 2E 07 12 7C F9 AD 97 D1 F3 68 9C 2D 24 8B 87 E1 78 76 72 FC E0 71 36 7B E5 82 8C FB 21 33 19 43 92 66 B7 13 6F C8 7A 5C 18 95 89 7B 1C 3E A3 61 9A 25 EE CF 6B 17 BE 5E EF B3 60 9A EF F5 FB 93 65 F6 96 29 4F 09 AD C5 C5 C1 D2 E0 D3 ED 4F AC B5 DE EE D8 FD 5B 1B FE 86 BA B3 6D 9D B3 37 EC D2 2F 2B D6 FB F4 32 99 8C 45 9A 44 9A 96 5B 58 68 BC 04 69 0E 14 45 FC 38 88 E4 71 6C 92 BD 17 4D 72 D0 14 45 9E 37 22 E3 1F C2 F8 C2 4D 1B 91 42 6A 97 66 23 1F 87 60 A7 17 EE 78 2A 72 29 72 59 8A 48 94 EE 65 93 24 8C 97 4F A2 E2 45 74 60 DE 8F 52 27 4F FA C6 DB 7E E6 66 9F 9B C8 1B EE 86 9C 15 D9 EF 58 BA 69 CF 87 BE 78 4F D6 7D 9F A7 69 94 51 EA 2C 5D E7 72 9F CB 96 6D 02 36 C0 7D BE 65 95 E3 DB 2A D7 6E 16 7A EC B7 C0 F9 25 52 43 F6 06 79 EE 45 42 8C C7 85 EE 16 7D 89 82 AC D6 2B 11 84 C8 6B B3 BA 64 DA 9F 58 9D C3 59 78 49 EC E7 22 13 52 C9 12 A4 44 29 0B AF 86 C6 07 D4 CC B3 88 BC F7 E6 09 72 48 FC 54 F1 FD E2 33 A9 FA F2 71 16 A8 E4 61 55 B0 51 FB 22 E4 24 41 A7 C9 A6 C6 AB 9D F4 74 7A B9 C6 57 7A 26 B3 21 4D 35 BF 65 6B A9 B7 92 FC EB 03 75 95 6F 1D BA CA B3 A9 B5 95 6D B7 59 2E C5 78 68 F8 BB 45 83 7E 00 6D FE 35 60 9B 12 4B 61 AB 4A AC 09 95 7C 63 64 22 92 B8 20 AF 4D 23 95 B1 7F 9B B3 F0 FD E9 EB 6E B7 2C CB 64 D7 C9 E5 51 2E F2 DF 2C 9F 56 91 52 6A 43 29 B5 7E 75 FA B0 E8 74 3A 78 06 34 1E D0 30 43 CC 15 00 05 A8 AB D0 6A B8 0A 0D A5 40 92 24 49 92 24 49 92 C3 AF 48 92 24 69 37 A1 A1 A1 F1 00 1A AB D8 82 46 65 AF 9F 93 24 00 00 00 00 00 00 00 BC 73 68 3E 58 4C 2A A1 CC 01 6D 76 DB 6C 0B 8A 46 DC 5B B6 89 9B 85 38 31 79 5E 97 B2 13 FD 11 8B 13 A9 A3 96 39 1D 85 78 DC ED 7E 54 96 A5 1B D5 52 97 52 9E 95 85 8F 27 4A 29 A5 94 52 D7 A7 0D 3A 9D 4E C7 CD EF 2E CD D5 1C FA 43 7B 1F 7A 1F 50 00 70 0B 5A 43 43 07 B5 FF 82 24 49 92 0F 49 92 24 7F 84 26 49 92 24 F0 33 34 34 34 34 34 2A 68 68 AC CE ED AF 24 39 39 FF 77 AD D7 EB AD AD F5 7A BD B5 5E AF D7 5B EB BD 79 59 87 2B 66 C0 95 95 C9 39 01 00 BF 0C 9A FC B5 C1 05 98 99 E0 00 00 00 00 00 00 9E 2D 24 83 9C BE 16 C2 D8 AB 0B 61 6C 2A 34 34 15 86 9F C9 24 92 48 24 92 49 24 12 49 24 92 1A AC 56 34 35 F7 1A 0A 00 00 1E E1 5C F4 6F 1A 1F 64 CE FA D4 19 D3 A7 4E 8A 74 D9 52 94 A7 29 4A A6 2F BD 4E 47 74 E4 5C F2 37 32 CB 8F DD BB 76 C1 64 66 48 DE D4 8A 9E 36 E4 D8 CA 44 54 B8 D4 55 34 D5 A6 96 A2 D8 D1 66 E6 D9 F7 6C 40 0A A8 02 19 48 70 02 8D 8A AA 39 24 3C 21 75 1F 86 A8 F7 A6 99 AC 6C AF DB 15 44 AD A4 6D CA 92 6D 81 44 F1 00 00 4F 00 8C 93 06 4E C8 18 02 73 28 19 54 1B 17 60 85 76 9A 4B ED B1 B0 D6 18 18 CF B8 16 1F 1B DF 4F 9A 98 15 5D 59 45 5A 47 0A A8 6E 80 1B 95 D5 90 AE 40 D3 D0 AA 45 92 F2 18 6F 87 A3 18 AC D7 4A 67 49 30 7F EC F7 A6 83 00 A5 A2 2B 15 36 19 58 A8 19 07 A6 1B 20 19 12 93 04 9A D0 C7 40 71 6E 14 2F C4 3C 74 21 1A 8E 1D 17 A9 80 4F 4A 9E AA 59 DE D2 EB 01 FD F0 25 CC DD 55 3F 69 67 E3 55 42 83 75 D8 37 28 33 AE 05 A4 A8 58 A5 DB 5E DD 88 A6 0A E6 ED 92 92 07 CA 58 80 C6 43 DD D4 3A E3 A8 53 DA 29 5E 8B 18 53 53 95 C6 F4 AB F8 3E 18 D7 E3 31 13 C7 C0 6E 82 30 6E B3 8E 8E F1 DA EB CD 4B 69 A6 4C AF 01 E9 FA 3A 0F 91 C5 45 F1 97 DA A6 8A 62 87 81 B4 85 F2 84 14 25 D4 5F E6 5A 42 97 D0 A0 56 73 50 1C 84 0E 38 34 00 80 E4 59 00 C6 96 B0 52 CD CA 4B 21 C1 7A A3 E6 AF 85 8A DB 2C 65 B7 D3 8E 1D 5C 9B FE 9D 09 93 87 A4 E5 2A 66 C7 F8 53 88 8F BB 64 B9 E0 3F 9F DD 79 37 7A 3F 7E 8D 5C 74 3A 87 BD A3 F6 8B 26 27 85 C9 71 F7 F5 7B FB CD 36 47 33 EB 08 4F 06 9E E5 92 20 25 9E CC F2 ED 61 0B DB 08 F2 A5 29 D6 4D 4F 14 55 97 43 1F 8D 5E 0A EB 80 06 F1 30 52 38 98 5C 2A 5A 19 11 4B 4F DD DD 07 AF 89 70 B8 50 65 FE F1 F2 BA 7F CA 3B F7 D5 C1 FF FA 9B 3E 7F 6C 74 6F D3 10 4E 8B E0 73 7F D8 72 9A 9E 4F 7E F7 E3 8F 84 6F 2F 2B 54 21 21 28 70 2D A3 E3 FB 36 F0 00 7B 7A 7D D2 AF 03 55 49 05 50 CA 86 40 00 07 1D 5A EC 2F E9 1C B7 87 8F C8 32 30 B4 29 BA FD FA CB DF E9 D3 E8 DC 74 15 84 E8 6E 5F 3E 59 59 2A 10 E6 D2 A7 93 45 66 ED AA 32 58 6C CA 69 60 58 B7 52 FC 89 1D B2 8A 1F C2 B2 35 0F 16 AD B8 4E 7B F4 1D 40 08 2C 01 2B 48 44 00 80 80 AE 52 42 12 25 27 64 32 4F DC 78 F2 88 09 D1 E9 3E 94 DA 2D 45 7C 08 49 95 00 00 30 00 F1 5A A3 94 64 4A 4F 65 47 FF FA EB 3B BA EA F9 CD 07 C7 C5 17 A5 E3 CE 67 CB 8B 57 B7 3D 76 D3 AD 9C 88 18 35 59 35 5B 65 60 76 06 41 A4 5A 00 49 1F 29 24 52 8F AC ED EA 88 F6 C3 FA 3D 2D 6F 3F F6 4B 8F BA 5D 7D DE B6 CA 9F 4E DF DA F3 FE 4D B8 27 46 5A 26 DC 5B 57 0E 2B 42 10 21 81 98 01 91 46 03 83 41 27 74 7B 0A 77 5B 20 BB A7 71 51 68 F6 5F 2F ED B9 F5 C1 D7 39 CE 39 E3 89 DB 2E D6 F2 2A 5F 84 4F 5F BE E1 FB DC 5D ED 49 00 4C A0 F1 27 00 3A 44 08 62 82 75 8D 2A D5 16 60 13 B6 9F DE 1F 46 CD 43 F2 1C C5 74 EC 0E 03 00 00 00 00 00 00 8C 01 C0 36 9D 5E 01 86 94 9C D6 AA 75 2A 55 79 EA 4B 24 01 17 A2 D6 9A 4E 6D F6 1E 71 EE 8F 8B 0D 00 00 00 00 00 00 C0 00 C8 ED DF 7F 01 01 48 C4 00 18 00 00 00 00 00 00 01 D0 3F DF C4 69 2C 9F 76 53 1A 7E 53 11 2D 24 07 D1 D5 55 4A EB 94 87 74 45 0A 01 03 11 01 02 30 10 20 32 9A 05 D1 40 33 D1 92 04 B0 A6 11 08 0E 17 70 4C 12 5E 40 32 D0 32 C8 8F 40 33 EE F7 13 21 07 3B 08 AB 64 E0 12 97 86 C9 80 4B 40 02 20 41 A1 40 28 76 08 70 19 E1 99 66 86 AE D4 DD 60 67 58 B0 CB 46 EA 2F 04 56 AC 00 0C 75 A2 0A 7C 67 48 00 1A 74 8B 6C 00 28 00 10 40 62 EE 73 30 49 CB F1 4E 27 B9 BE 23 29 BA 4C 43 A7 04 44 45 81 13 61 C4 F6 F9 E7 2F 81 11 40 BD C7 0A D1 4C 63 8E 33 A4 3C 1B FF 3C 7A 08 D8 8B 1F B8 4E C4 7B D0 3B 54 8C 22 59 7A A2 22 E7 11 E1 40 70 01 04 24 9E A7 FE B1 98 01 42 1C 80 88 88 0E 35 9A 16 E3 C5 16 AF 1A 81 97 96 7C 2D 43 D8 2C 06 17 90 E3 08 0C 90 25 10 38 82 41 C8 22 2F 48 F1 25 72 55 40 A0 09 17 80 E5 B1 BB 7B 3C 34 72 D9 05 C4 08 59 05 00 02 E0 0A 08 AC 3F 78 65 BD 46 FA 0B 58 56 29 52 40 76 19 27 77 19 86 62 11 11 CF AE 62 74 C4 21 16 69 54 4B 9C 30 F0 9F E0 80 A9 83 30 49 62 35 19 8A 8E 0E 20 50 01 E0 83 BE 00 50 51 D8 6F 44 88 D9 C2 C8 47 CB 07 27 2C 38 F6 5D D4 48 44 88 25 86 20 44 6A 43 F1 07 C1 C2 82 87 F2 21 A2 09 8D E8 74 71 01 04 03 7C 30 C6 CC 58 AE 58 44 28 04 A0 61 70 35 97 00 82 67 58 C4 0C 8C E7 FF AA 91 56 66 AB 1E 80 2D 44 79 1D CE FC 4F D4 7F 79 26 45 C8 CC 0C 10 3B B2 B8 15 AD 00 30 9A 73 78 4B 44 8A 37 D6 0E 36 64 E9 61 81 99 06 29 CB CC CC 59 4A A1 0A 1A 4C 3A 37 B9 82 02 11 A3 53 B8 40 0E EB 04 40 00 00 AA 00 0E 02 04 62