All Defaults to Deadfire
Icon: https://fortnite-api.com/images/cosmetics/br/CID_250_Athena_Commando_M_EvilCowboy/icon.png
This swap was created by Wslt!
Socials:
https://github.com/CodeWslt
https://galaxyswapperv2.com/Discord
Do not reupload this without permission from Wslt. You can contact me at any of my socials!

----------------------------------------

Search (pakchunk20-WindowsClient.ucas):

00 00 00 00 34 03 00 00 08 00 00 00 00 00 00 00 00 22 00 80 57 05 00 00 48 02 00 00 48 02 00 00 70 02 00 00 00 03 00 00 20 03 00 00 09 00 00 00 AA 01 00 00 00 00 64 C1 00 00 00 00 DA 19 08 98 2C 90 E2 24 EC 8C 8B 40 0B 00 A6 3E 5C 84 C5 29 DF 2A 13 2A 9F DB 75 B7 55 11 11 B0 3E 19 84 84 56 98 AE EF 49 77 72 88 86 14 98 7C 39 2A 35 BA ED A8 A8 7A 16 2A 65 C7 83 C6 1F A4 21 3F C6 3A CB 31 D9 A4 00 44 00 4B 00 64 00 0B 00 26 00 19 00 1B 00 18 00 3A 2F 47 61 6D 65 2F 43 68 61 72 61 63 74 65 72 73 2F 50 6C 61 79 65 72 2F 46 65 6D 61 6C 65 2F 4D 65 64 69 75 6D 2F 42 61 73 65 2F 53 4B 5F 4D 5F 46 65 6D 61 6C 65 5F 42 61 73 65 5F 53 6B 65 6C 65 74 6F 6E 2F 47 61 6D 65 2F 43 68 61 72 61 63 74 65 72 73 2F 50 6C 61 79 65 72 2F 46 65 6D 61 6C 65 2F 4D 65 64 69 75 6D 2F 42 6F 64 69 65 73 2F 46 5F 4D 45 44 5F 50 72 69 6D 65 2F 4D 65 73 68 65 73 2F 46 5F 4D 45 44 5F 50 72 69 6D 65 2F 47 61 6D 65 2F 43 68 61 72 61 63 74 65 72 73 2F 50 6C 61 79 65 72 2F 46 65 6D 61 6C 65 2F 4D 65 64 69 75 6D 2F 42 6F 64 69 65 73 2F 46 5F 4D 45 44 5F 50 72 69 6D 65 2F 4D 65 73 68 65 73 2F 46 5F 4D 45 44 5F 50 72 69 6D 65 5F 53 6B 65 6C 65 74 6F 6E 5F 41 6E 69 6D 42 6C 75 65 70 72 69 6E 74 5F 41 46 5F 4D 45 44 5F 50 72 69 6D 65 46 5F 4D 45 44 5F 50 72 69 6D 65 5F 53 6B 65 6C 65 74 6F 6E 5F 41 6E 69 6D 42 6C 75 65 70 72 69 6E 74 5F 41 5F 43 53 4B 5F 4D 5F 46 65 6D 61 6C 65 5F 42 61 73 65 5F 53 6B 65 6C 65 74 6F 6E 43 75 73 74 6F 6D 43 68 61 72 61 63 74 65 72 42 6F 64 79 50 61 72 74 44 61 74 61 43 50 5F 41 74 68 65 6E 61 5F 42 6F 64 79 5F 46 5F 50 72 69 6D 65 5F 41 2F 47 61 6D 65 2F 41 74 68 65 6E 61 2F 48 65 72 6F 65 73 2F 4D 65 73 68 65 73 2F 42 6F 64 69 65 73 2F 43 50 5F 41 74 68 65 6E 61 5F 42 6F 64 79 5F 46 5F 50 72 69 6D 65 5F 41 00 00 00 00 00 00 00 00 54 7B 85 0C 2D 3A EC 7B 7E A2 42 63 10 83 7A 73 E9 71 0B B6 57 37 B4 79 18 69 40 56 99 65 CF 69 E3 22 58 A5 6D 55 F8 70 57 05 00 00 00 00 00 00 1A 00 00 00 00 00 00 00 06 00 00 00 01 00 00 00 01 00 00 00 00 00 00 00 54 7B 85 0C 2D 3A EC 7B FF FF FF FF FF FF FF FF E9 71 0B B6 57 37 B4 79 00 00 00 00 00 00 00 00 00 00 00 00 00 00 00 00 71 05 00 00 00 00 00 00 40 00 00 00 00 00 00 00 07 00 00 00 00 00 00 00 FF FF FF FF FF FF FF FF 7E A2 42 63 10 83 7A 73 FF FF FF FF FF FF FF FF 18 69 40 56 99 65 CF 69 51 C0 8F BB 72 E2 36 C0 0B 00 00 00 00 00 00 00 01 00 00 00 00 00 00 00 00 00 00 00 00 00 00 00 01 00 00 00 01 00 00 00 00 00 00 00 01 00 00 00 00 00 00 00 00 00 00 00 00 00 00 00 04 00 00 00 00 00 00 00 00 06 09 02 05 04 81 03 01 02 02 01 01 00 00 00 01 00 00 00 00 00 00 00 03 00 00 00 00 00 00 00 00 00 00 00 01 00 00 00 00 00 00 00 00 00 00 00 05 00 00 00 00 00 00 00 00 00 00 00 00 00 00 00 00 03 02 00 00 00 00 00 00 00 04 00 00 00 00 00 00 00 00 00 00 00 00 00 00 00 00 00

Replace:

00 00 00 00 AF 02 00 00 08 00 00 00 00 00 00 00 00 22 00 80 D2 04 00 00 C3 01 00 00 C3 01 00 00 EB 01 00 00 7B 02 00 00 9B 02 00 00 09 00 00 00 25 01 00 00 00 00 64 C1 00 00 00 00 00 00 00 00 00 00 00 00 00 00 00 00 00 00 00 3E 5C 84 C5 29 DF 2A 13 2A 9F DB 75 B7 55 11 11 B0 3E 19 84 84 56 98 AE EF 49 77 72 88 86 14 98 7C 39 2A 35 BA ED A8 A8 7A 16 2A 65 C7 83 C6 1F A4 21 3F C6 3A CB 31 D9 A4 00 0A 00 0C 00 64 00 1F 00 26 00 04 00 1B 00 0D 00 3A 2F 47 61 6D 65 2F 57 73 6C 74 2F 47 61 6D 65 2F 67 69 74 68 75 62 2F 47 61 6D 65 2F 43 68 61 72 61 63 74 65 72 73 2F 50 6C 61 79 65 72 2F 46 65 6D 61 6C 65 2F 4D 65 64 69 75 6D 2F 42 6F 64 69 65 73 2F 46 5F 4D 45 44 5F 50 72 69 6D 65 2F 4D 65 73 68 65 73 2F 46 5F 4D 45 44 5F 50 72 69 6D 65 5F 53 6B 65 6C 65 74 6F 6E 5F 41 6E 69 6D 42 6C 75 65 70 72 69 6E 74 5F 41 63 6F 6D 2F 43 6F 64 65 57 73 6C 74 2F 46 6F 72 74 6E 69 74 65 2D 48 65 78 2D 53 77 61 70 73 46 5F 4D 45 44 5F 50 72 69 6D 65 5F 53 6B 65 6C 65 74 6F 6E 5F 41 6E 69 6D 42 6C 75 65 70 72 69 6E 74 5F 41 5F 43 57 73 6C 74 43 75 73 74 6F 6D 43 68 61 72 61 63 74 65 72 42 6F 64 79 50 61 72 74 44 61 74 61 43 72 65 61 74 65 64 42 79 57 73 6C 74 2F 47 61 6D 65 2F 41 74 68 65 6E 61 2F 48 65 72 6F 65 73 2F 4D 65 73 68 65 73 2F 42 6F 64 69 65 73 2F 43 50 5F 41 74 68 65 6E 61 5F 42 6F 64 79 5F 46 5F 50 72 69 6D 65 5F 41 00 00 00 00 00 00 00 00 54 7B 85 0C 2D 3A EC 7B 7E A2 42 63 10 83 7A 73 E9 71 0B B6 57 37 B4 79 18 69 40 56 99 65 CF 69 E3 22 58 A5 6D 55 F8 70 D2 04 00 00 00 00 00 00 1A 00 00 00 00 00 00 00 06 00 00 00 01 00 00 00 01 00 00 00 00 00 00 00 54 7B 85 0C 2D 3A EC 7B FF FF FF FF FF FF FF FF E9 71 0B B6 57 37 B4 79 00 00 00 00 00 00 00 00 00 00 00 00 00 00 00 00 EC 04 00 00 00 00 00 00 40 00 00 00 00 00 00 00 07 00 00 00 00 00 00 00 FF FF FF FF FF FF FF FF 7E A2 42 63 10 83 7A 73 FF FF FF FF FF FF FF FF 18 69 40 56 99 65 CF 69 51 C0 8F BB 72 E2 36 C0 0B 00 00 00 00 00 00 00 01 00 00 00 00 00 00 00 00 00 00 00 00 00 00 00 01 00 00 00 01 00 00 00 00 00 00 00 01 00 00 00 00 00 00 00 00 00 00 00 00 00 00 00 04 00 00 00 00 00 00 00 00 06 09 02 05 04 81 03 01 02 02 01 01 00 00 00 01 00 00 00 00 00 00 00 03 00 00 00 00 00 00 00 00 00 00 00 01 00 00 00 00 00 00 00 00 00 00 00 05 00 00 00 00 00 00 00 00 00 00 00 00 00 00 00 00 03 02 00 00 00 00 00 00 00 04 00 00 00 00 00 00 00 00 00 00 00 00 00 00 00 00 00 00 00 00 00 00 00 00 00 00 00 00 00 00 00 00 00 00 00 00 00 00 00 00 00 00 00 00 00 00 00 00 00 00 00 00 00 00 00 00 00 00 00 00 00 00 00 00 00 00 00 00 00 00 00 00 00 00 00 00 00 00 00 00 00 00 00 00 00 00 00 00 00 00 00 00 00 00 00 00 00 00 00 00 00 00 00 00 00 00 00 00 00 00 00 00 00 00 00 00 00 00 00 00 00 00 00 00 00 00 00 00 00 00 00 00 00 00 00 00 00 00 00 00 00 00 00 00 00 00 00 00

----------------------------------------

Search (pakchunk10-WindowsClient_s1.ucas):

00 00 00 00 30 03 00 00 08 00 00 00 00 00 00 00 00 22 00 80 53 05 00 00 44 02 00 00 44 02 00 00 6C 02 00 00 FC 02 00 00 1C 03 00 00 09 00 00 00 A6 01 00 00 00 00 64 C1 00 00 00 00 DA 19 08 98 2C 90 E2 24 EC 8C 8B 40 0B 00 A6 3E 60 B4 8C 5A FC 0F 5E C7 9F DB 75 B7 55 11 11 B0 12 93 A6 64 BB 09 C4 98 49 77 72 88 86 14 98 7C 39 2A 35 BA ED A8 A8 7A B3 45 3F 60 FB 56 66 7F 3A B3 DA 1D E9 13 2E CB 00 44 00 4B 00 62 00 0B 00 24 00 19 00 1B 00 18 00 3A 2F 47 61 6D 65 2F 43 68 61 72 61 63 74 65 72 73 2F 50 6C 61 79 65 72 2F 46 65 6D 61 6C 65 2F 4D 65 64 69 75 6D 2F 42 61 73 65 2F 53 4B 5F 4D 5F 46 65 6D 61 6C 65 5F 42 61 73 65 5F 53 6B 65 6C 65 74 6F 6E 2F 47 61 6D 65 2F 43 68 61 72 61 63 74 65 72 73 2F 50 6C 61 79 65 72 2F 46 65 6D 61 6C 65 2F 4D 65 64 69 75 6D 2F 42 6F 64 69 65 73 2F 46 5F 4D 45 44 5F 50 72 69 6D 65 2F 4D 65 73 68 65 73 2F 46 5F 4D 45 44 5F 50 72 69 6D 65 2F 47 61 6D 65 2F 43 68 61 72 61 63 74 65 72 73 2F 50 6C 61 79 65 72 2F 46 65 6D 61 6C 65 2F 4D 65 64 69 75 6D 2F 42 6F 64 69 65 73 2F 46 5F 4D 45 44 5F 50 72 69 6D 65 2F 4D 65 73 68 65 73 2F 46 5F 4D 45 44 5F 50 72 69 6D 65 5F 53 6B 65 6C 65 74 6F 6E 5F 41 6E 69 6D 42 6C 75 65 70 72 69 6E 74 46 5F 4D 45 44 5F 50 72 69 6D 65 46 5F 4D 45 44 5F 50 72 69 6D 65 5F 53 6B 65 6C 65 74 6F 6E 5F 41 6E 69 6D 42 6C 75 65 70 72 69 6E 74 5F 43 53 4B 5F 4D 5F 46 65 6D 61 6C 65 5F 42 61 73 65 5F 53 6B 65 6C 65 74 6F 6E 43 75 73 74 6F 6D 43 68 61 72 61 63 74 65 72 42 6F 64 79 50 61 72 74 44 61 74 61 43 50 5F 41 74 68 65 6E 61 5F 42 6F 64 79 5F 46 5F 50 72 69 6D 65 5F 42 2F 47 61 6D 65 2F 41 74 68 65 6E 61 2F 48 65 72 6F 65 73 2F 4D 65 73 68 65 73 2F 42 6F 64 69 65 73 2F 43 50 5F 41 74 68 65 6E 61 5F 42 6F 64 79 5F 46 5F 50 72 69 6D 65 5F 42 00 00 00 00 00 00 00 00 54 7B 85 0C 2D 3A EC 7B 7E A2 42 63 10 83 7A 73 E9 71 0B B6 57 37 B4 79 18 69 40 56 99 65 CF 69 E3 22 58 A5 6D 55 F8 70 53 05 00 00 00 00 00 00 1A 00 00 00 00 00 00 00 06 00 00 00 01 00 00 00 01 00 00 00 00 00 00 00 54 7B 85 0C 2D 3A EC 7B FF FF FF FF FF FF FF FF E9 71 0B B6 57 37 B4 79 00 00 00 00 00 00 00 00 00 00 00 00 00 00 00 00 6D 05 00 00 00 00 00 00 40 00 00 00 00 00 00 00 07 00 00 00 00 00 00 00 FF FF FF FF FF FF FF FF 7E A2 42 63 10 83 7A 73 FF FF FF FF FF FF FF FF 18 69 40 56 99 65 CF 69 80 DA 44 D0 33 46 E0 B2 0B 00 00 00 00 00 00 00 01 00 00 00 00 00 00 00 00 00 00 00 00 00 00 00 01 00 00 00 01 00 00 00 00 00 00 00 01 00 00 00 00 00 00 00 00 00 00 00 00 00 00 00 04 00 00 00 00 00 00 00 00 06 09 02 05 04 81 03 01 02 02 01 01 00 00 00 01 00 00 00 00 00 00 00 03 00 00 00 00 00 00 00 00 00 00 00 01 00 00 00 00 00 00 00 00 00 00 00 05 00 00 00 00 00 00 00 00 00 00 00 00 00 00 00 00 03 02 00 00 00 00 00 00 00 04 00 00 00 00 00 00 00 00 00 00 00 00 00 00 00 00 00 00 00 30 03

Replace:

00 00 00 00 AB 02 00 00 08 00 00 00 00 00 00 00 00 22 00 80 CE 04 00 00 BF 01 00 00 BF 01 00 00 E7 01 00 00 77 02 00 00 97 02 00 00 09 00 00 00 21 01 00 00 00 00 64 C1 00 00 00 00 00 00 00 00 00 00 00 00 00 00 00 00 00 00 00 3E 60 B4 8C 5A FC 0F 5E C7 9F DB 75 B7 55 11 11 B0 12 93 A6 64 BB 09 C4 98 49 77 72 88 86 14 98 7C 39 2A 35 BA ED A8 A8 7A B3 45 3F 60 FB 56 66 7F 3A B3 DA 1D E9 13 2E CB 00 0A 00 0C 00 62 00 1F 00 24 00 04 00 1B 00 0D 00 3A 2F 47 61 6D 65 2F 57 73 6C 74 2F 47 61 6D 65 2F 67 69 74 68 75 62 2F 47 61 6D 65 2F 43 68 61 72 61 63 74 65 72 73 2F 50 6C 61 79 65 72 2F 46 65 6D 61 6C 65 2F 4D 65 64 69 75 6D 2F 42 6F 64 69 65 73 2F 46 5F 4D 45 44 5F 50 72 69 6D 65 2F 4D 65 73 68 65 73 2F 46 5F 4D 45 44 5F 50 72 69 6D 65 5F 53 6B 65 6C 65 74 6F 6E 5F 41 6E 69 6D 42 6C 75 65 70 72 69 6E 74 63 6F 6D 2F 43 6F 64 65 57 73 6C 74 2F 46 6F 72 74 6E 69 74 65 2D 48 65 78 2D 53 77 61 70 73 46 5F 4D 45 44 5F 50 72 69 6D 65 5F 53 6B 65 6C 65 74 6F 6E 5F 41 6E 69 6D 42 6C 75 65 70 72 69 6E 74 5F 43 57 73 6C 74 43 75 73 74 6F 6D 43 68 61 72 61 63 74 65 72 42 6F 64 79 50 61 72 74 44 61 74 61 43 72 65 61 74 65 64 42 79 57 73 6C 74 2F 47 61 6D 65 2F 41 74 68 65 6E 61 2F 48 65 72 6F 65 73 2F 4D 65 73 68 65 73 2F 42 6F 64 69 65 73 2F 43 50 5F 41 74 68 65 6E 61 5F 42 6F 64 79 5F 46 5F 50 72 69 6D 65 5F 42 00 00 00 00 00 00 00 00 54 7B 85 0C 2D 3A EC 7B 7E A2 42 63 10 83 7A 73 E9 71 0B B6 57 37 B4 79 18 69 40 56 99 65 CF 69 E3 22 58 A5 6D 55 F8 70 CE 04 00 00 00 00 00 00 1A 00 00 00 00 00 00 00 06 00 00 00 01 00 00 00 01 00 00 00 00 00 00 00 54 7B 85 0C 2D 3A EC 7B FF FF FF FF FF FF FF FF E9 71 0B B6 57 37 B4 79 00 00 00 00 00 00 00 00 00 00 00 00 00 00 00 00 E8 04 00 00 00 00 00 00 40 00 00 00 00 00 00 00 07 00 00 00 00 00 00 00 FF FF FF FF FF FF FF FF 7E A2 42 63 10 83 7A 73 FF FF FF FF FF FF FF FF 18 69 40 56 99 65 CF 69 80 DA 44 D0 33 46 E0 B2 0B 00 00 00 00 00 00 00 01 00 00 00 00 00 00 00 00 00 00 00 00 00 00 00 01 00 00 00 01 00 00 00 00 00 00 00 01 00 00 00 00 00 00 00 00 00 00 00 00 00 00 00 04 00 00 00 00 00 00 00 00 06 09 02 05 04 81 03 01 02 02 01 01 00 00 00 01 00 00 00 00 00 00 00 03 00 00 00 00 00 00 00 00 00 00 00 01 00 00 00 00 00 00 00 00 00 00 00 05 00 00 00 00 00 00 00 00 00 00 00 00 00 00 00 00 03 02 00 00 00 00 00 00 00 04 00 00 00 00 00 00 00 00 00 00 00 00 00 00 00 00 00 00 00 00 00 00 00 00 00 00 00 00 00 00 00 00 00 00 00 00 00 00 00 00 00 00 00 00 00 00 00 00 00 00 00 00 00 00 00 00 00 00 00 00 00 00 00 00 00 00 00 00 00 00 00 00 00 00 00 00 00 00 00 00 00 00 00 00 00 00 00 00 00 00 00 00 00 00 00 00 00 00 00 00 00 00 00 00 00 00 00 00 00 00 00 00 00 00 00 00 00 00 00 00 00 00 00 00 00 00 00 00 00 00 00 00 00 00 00 00 00 00 00 00 00 00 00 00 00 00 00 00

----------------------------------------

Search (pakchunk10-WindowsClient_s1.ucas):

00 00 00 00 30 03 00 00 08 00 00 00 00 00 00 00 00 22 00 80 53 05 00 00 44 02 00 00 44 02 00 00 6C 02 00 00 FC 02 00 00 1C 03 00 00 09 00 00 00 A6 01 00 00 00 00 64 C1 00 00 00 00 DA 19 08 98 2C 90 E2 24 EC 8C 8B 40 0B 00 A6 3E 60 B4 8C 5A FC 0F 5E C7 9F DB 75 B7 55 11 11 B0 12 93 A6 64 BB 09 C4 98 49 77 72 88 86 14 98 7C 39 2A 35 BA ED A8 A8 7A 52 15 80 73 FC 07 28 F7 16 32 68 1C D3 2F F1 50 00 44 00 4B 00 62 00 0B 00 24 00 19 00 1B 00 18 00 3A 2F 47 61 6D 65 2F 43 68 61 72 61 63 74 65 72 73 2F 50 6C 61 79 65 72 2F 46 65 6D 61 6C 65 2F 4D 65 64 69 75 6D 2F 42 61 73 65 2F 53 4B 5F 4D 5F 46 65 6D 61 6C 65 5F 42 61 73 65 5F 53 6B 65 6C 65 74 6F 6E 2F 47 61 6D 65 2F 43 68 61 72 61 63 74 65 72 73 2F 50 6C 61 79 65 72 2F 46 65 6D 61 6C 65 2F 4D 65 64 69 75 6D 2F 42 6F 64 69 65 73 2F 46 5F 4D 45 44 5F 50 72 69 6D 65 2F 4D 65 73 68 65 73 2F 46 5F 4D 45 44 5F 50 72 69 6D 65 2F 47 61 6D 65 2F 43 68 61 72 61 63 74 65 72 73 2F 50 6C 61 79 65 72 2F 46 65 6D 61 6C 65 2F 4D 65 64 69 75 6D 2F 42 6F 64 69 65 73 2F 46 5F 4D 45 44 5F 50 72 69 6D 65 2F 4D 65 73 68 65 73 2F 46 5F 4D 45 44 5F 50 72 69 6D 65 5F 53 6B 65 6C 65 74 6F 6E 5F 41 6E 69 6D 42 6C 75 65 70 72 69 6E 74 46 5F 4D 45 44 5F 50 72 69 6D 65 46 5F 4D 45 44 5F 50 72 69 6D 65 5F 53 6B 65 6C 65 74 6F 6E 5F 41 6E 69 6D 42 6C 75 65 70 72 69 6E 74 5F 43 53 4B 5F 4D 5F 46 65 6D 61 6C 65 5F 42 61 73 65 5F 53 6B 65 6C 65 74 6F 6E 43 75 73 74 6F 6D 43 68 61 72 61 63 74 65 72 42 6F 64 79 50 61 72 74 44 61 74 61 43 50 5F 41 74 68 65 6E 61 5F 42 6F 64 79 5F 46 5F 50 72 69 6D 65 5F 43 2F 47 61 6D 65 2F 41 74 68 65 6E 61 2F 48 65 72 6F 65 73 2F 4D 65 73 68 65 73 2F 42 6F 64 69 65 73 2F 43 50 5F 41 74 68 65 6E 61 5F 42 6F 64 79 5F 46 5F 50 72 69 6D 65 5F 43 00 00 00 00 00 00 00 00 54 7B 85 0C 2D 3A EC 7B 7E A2 42 63 10 83 7A 73 E9 71 0B B6 57 37 B4 79 18 69 40 56 99 65 CF 69 E3 22 58 A5 6D 55 F8 70 53 05 00 00 00 00 00 00 1A 00 00 00 00 00 00 00 06 00 00 00 01 00 00 00 01 00 00 00 00 00 00 00 54 7B 85 0C 2D 3A EC 7B FF FF FF FF FF FF FF FF E9 71 0B B6 57 37 B4 79 00 00 00 00 00 00 00 00 00 00 00 00 00 00 00 00 6D 05 00 00 00 00 00 00 40 00 00 00 00 00 00 00 07 00 00 00 00 00 00 00 FF FF FF FF FF FF FF FF 7E A2 42 63 10 83 7A 73 FF FF FF FF FF FF FF FF 18 69 40 56 99 65 CF 69 71 17 4A A2 35 CC 76 E6 0B 00 00 00 00 00 00 00 01 00 00 00 00 00 00 00 00 00 00 00 00 00 00 00 01 00 00 00 01 00 00 00 00 00 00 00 01 00 00 00 00 00 00 00 00 00 00 00 00 00 00 00 04 00 00 00 00 00 00 00 00 06 09 02 05 04 81 03 01 02 02 01 01 00 00 00 01 00 00 00 00 00 00 00 03 00 00 00 00 00 00 00 00 00 00 00 01 00 00 00 00 00 00 00 00 00 00 00 05 00 00 00 00 00 00 00 00 00 00 00 00 00 00 00 00 03 02 00 00 00 00 00 00 00 04 00 00 00 00 00 00 00 00 00 00 00 00 00 00 00 00 00 00 00 30 03

Replace:

00 00 00 00 AB 02 00 00 08 00 00 00 00 00 00 00 00 22 00 80 CE 04 00 00 BF 01 00 00 BF 01 00 00 E7 01 00 00 77 02 00 00 97 02 00 00 09 00 00 00 21 01 00 00 00 00 64 C1 00 00 00 00 00 00 00 00 00 00 00 00 00 00 00 00 00 00 00 3E 60 B4 8C 5A FC 0F 5E C7 9F DB 75 B7 55 11 11 B0 12 93 A6 64 BB 09 C4 98 49 77 72 88 86 14 98 7C 39 2A 35 BA ED A8 A8 7A 52 15 80 73 FC 07 28 F7 16 32 68 1C D3 2F F1 50 00 0A 00 0C 00 62 00 1F 00 24 00 04 00 1B 00 0D 00 3A 2F 47 61 6D 65 2F 57 73 6C 74 2F 47 61 6D 65 2F 67 69 74 68 75 62 2F 47 61 6D 65 2F 43 68 61 72 61 63 74 65 72 73 2F 50 6C 61 79 65 72 2F 46 65 6D 61 6C 65 2F 4D 65 64 69 75 6D 2F 42 6F 64 69 65 73 2F 46 5F 4D 45 44 5F 50 72 69 6D 65 2F 4D 65 73 68 65 73 2F 46 5F 4D 45 44 5F 50 72 69 6D 65 5F 53 6B 65 6C 65 74 6F 6E 5F 41 6E 69 6D 42 6C 75 65 70 72 69 6E 74 63 6F 6D 2F 43 6F 64 65 57 73 6C 74 2F 46 6F 72 74 6E 69 74 65 2D 48 65 78 2D 53 77 61 70 73 46 5F 4D 45 44 5F 50 72 69 6D 65 5F 53 6B 65 6C 65 74 6F 6E 5F 41 6E 69 6D 42 6C 75 65 70 72 69 6E 74 5F 43 57 73 6C 74 43 75 73 74 6F 6D 43 68 61 72 61 63 74 65 72 42 6F 64 79 50 61 72 74 44 61 74 61 43 72 65 61 74 65 64 42 79 57 73 6C 74 2F 47 61 6D 65 2F 41 74 68 65 6E 61 2F 48 65 72 6F 65 73 2F 4D 65 73 68 65 73 2F 42 6F 64 69 65 73 2F 43 50 5F 41 74 68 65 6E 61 5F 42 6F 64 79 5F 46 5F 50 72 69 6D 65 5F 43 00 00 00 00 00 00 00 00 54 7B 85 0C 2D 3A EC 7B 7E A2 42 63 10 83 7A 73 E9 71 0B B6 57 37 B4 79 18 69 40 56 99 65 CF 69 E3 22 58 A5 6D 55 F8 70 CE 04 00 00 00 00 00 00 1A 00 00 00 00 00 00 00 06 00 00 00 01 00 00 00 01 00 00 00 00 00 00 00 54 7B 85 0C 2D 3A EC 7B FF FF FF FF FF FF FF FF E9 71 0B B6 57 37 B4 79 00 00 00 00 00 00 00 00 00 00 00 00 00 00 00 00 E8 04 00 00 00 00 00 00 40 00 00 00 00 00 00 00 07 00 00 00 00 00 00 00 FF FF FF FF FF FF FF FF 7E A2 42 63 10 83 7A 73 FF FF FF FF FF FF FF FF 18 69 40 56 99 65 CF 69 71 17 4A A2 35 CC 76 E6 0B 00 00 00 00 00 00 00 01 00 00 00 00 00 00 00 00 00 00 00 00 00 00 00 01 00 00 00 01 00 00 00 00 00 00 00 01 00 00 00 00 00 00 00 00 00 00 00 00 00 00 00 04 00 00 00 00 00 00 00 00 06 09 02 05 04 81 03 01 02 02 01 01 00 00 00 01 00 00 00 00 00 00 00 03 00 00 00 00 00 00 00 00 00 00 00 01 00 00 00 00 00 00 00 00 00 00 00 05 00 00 00 00 00 00 00 00 00 00 00 00 00 00 00 00 03 02 00 00 00 00 00 00 00 04 00 00 00 00 00 00 00 00 00 00 00 00 00 00 00 00 00 00 00 00 00 00 00 00 00 00 00 00 00 00 00 00 00 00 00 00 00 00 00 00 00 00 00 00 00 00 00 00 00 00 00 00 00 00 00 00 00 00 00 00 00 00 00 00 00 00 00 00 00 00 00 00 00 00 00 00 00 00 00 00 00 00 00 00 00 00 00 00 00 00 00 00 00 00 00 00 00 00 00 00 00 00 00 00 00 00 00 00 00 00 00 00 00 00 00 00 00 00 00 00 00 00 00 00 00 00 00 00 00 00 00 00 00 00 00 00 00 00 00 00 00 00 00 00 00 00 00 00

----------------------------------------

Search (pakchunk10-WindowsClient_s1.ucas):

00 00 00 00 2C 03 00 00 08 00 00 00 00 00 00 00 00 22 00 80 4D 05 00 00 40 02 00 00 40 02 00 00 68 02 00 00 F8 02 00 00 18 03 00 00 09 00 00 00 A2 01 00 00 00 00 64 C1 00 00 00 00 DA 19 08 98 2C 90 E2 24 EC 8C 8B 40 0B 00 A6 3E 60 B4 8C 5A FC 0F 5E C7 9F DB 75 B7 55 11 11 B0 12 93 A6 64 BB 09 C4 98 49 77 72 88 86 14 98 7C 39 2A 35 BA ED A8 A8 7A 1C 56 B5 D9 CC A4 78 3F F4 46 4C D6 06 3A 91 1D 00 44 00 4B 00 62 00 0B 00 24 00 19 00 1B 00 16 00 38 2F 47 61 6D 65 2F 43 68 61 72 61 63 74 65 72 73 2F 50 6C 61 79 65 72 2F 46 65 6D 61 6C 65 2F 4D 65 64 69 75 6D 2F 42 61 73 65 2F 53 4B 5F 4D 5F 46 65 6D 61 6C 65 5F 42 61 73 65 5F 53 6B 65 6C 65 74 6F 6E 2F 47 61 6D 65 2F 43 68 61 72 61 63 74 65 72 73 2F 50 6C 61 79 65 72 2F 46 65 6D 61 6C 65 2F 4D 65 64 69 75 6D 2F 42 6F 64 69 65 73 2F 46 5F 4D 45 44 5F 50 72 69 6D 65 2F 4D 65 73 68 65 73 2F 46 5F 4D 45 44 5F 50 72 69 6D 65 2F 47 61 6D 65 2F 43 68 61 72 61 63 74 65 72 73 2F 50 6C 61 79 65 72 2F 46 65 6D 61 6C 65 2F 4D 65 64 69 75 6D 2F 42 6F 64 69 65 73 2F 46 5F 4D 45 44 5F 50 72 69 6D 65 2F 4D 65 73 68 65 73 2F 46 5F 4D 45 44 5F 50 72 69 6D 65 5F 53 6B 65 6C 65 74 6F 6E 5F 41 6E 69 6D 42 6C 75 65 70 72 69 6E 74 46 5F 4D 45 44 5F 50 72 69 6D 65 46 5F 4D 45 44 5F 50 72 69 6D 65 5F 53 6B 65 6C 65 74 6F 6E 5F 41 6E 69 6D 42 6C 75 65 70 72 69 6E 74 5F 43 53 4B 5F 4D 5F 46 65 6D 61 6C 65 5F 42 61 73 65 5F 53 6B 65 6C 65 74 6F 6E 43 75 73 74 6F 6D 43 68 61 72 61 63 74 65 72 42 6F 64 79 50 61 72 74 44 61 74 61 43 50 5F 41 74 68 65 6E 61 5F 42 6F 64 79 5F 46 5F 50 72 69 6D 65 2F 47 61 6D 65 2F 41 74 68 65 6E 61 2F 48 65 72 6F 65 73 2F 4D 65 73 68 65 73 2F 42 6F 64 69 65 73 2F 43 50 5F 41 74 68 65 6E 61 5F 42 6F 64 79 5F 46 5F 50 72 69 6D 65 00 00 00 00 00 00 00 00 54 7B 85 0C 2D 3A EC 7B 7E A2 42 63 10 83 7A 73 E9 71 0B B6 57 37 B4 79 18 69 40 56 99 65 CF 69 E3 22 58 A5 6D 55 F8 70 4D 05 00 00 00 00 00 00 1A 00 00 00 00 00 00 00 06 00 00 00 01 00 00 00 01 00 00 00 00 00 00 00 54 7B 85 0C 2D 3A EC 7B FF FF FF FF FF FF FF FF E9 71 0B B6 57 37 B4 79 00 00 00 00 00 00 00 00 00 00 00 00 00 00 00 00 67 05 00 00 00 00 00 00 3D 00 00 00 00 00 00 00 07 00 00 00 00 00 00 00 FF FF FF FF FF FF FF FF 7E A2 42 63 10 83 7A 73 FF FF FF FF FF FF FF FF 18 69 40 56 99 65 CF 69 86 45 95 25 FC F9 93 21 0B 00 00 00 00 00 00 00 01 00 00 00 00 00 00 00 00 00 00 00 00 00 00 00 01 00 00 00 01 00 00 00 00 00 00 00 01 00 00 00 00 00 00 00 00 00 00 00 00 00 00 00 04 00 00 00 00 00 00 00 00 06 09 02 05 05 02 02 01 01 00 00 00 01 00 00 00 00 00 00 00 03 00 00 00 00 00 00 00 00 00 00 00 01 00 00 00 00 00 00 00 00 00 00 00 05 00 00 00 00 00 00 00 00 00 00 00 00 00 00 00 00 03 02 00 00 00 00 00 00 00 04 00 00 00 00 00 00 00 00 00 00 00 00 00 00 00 00 00 00 00 2C 03 00 00 08 00 00 00 00

Replace:

00 00 00 00 A9 02 00 00 08 00 00 00 00 00 00 00 00 22 00 80 CA 04 00 00 BD 01 00 00 BD 01 00 00 E5 01 00 00 75 02 00 00 95 02 00 00 09 00 00 00 1F 01 00 00 00 00 64 C1 00 00 00 00 00 00 00 00 00 00 00 00 00 00 00 00 00 00 00 3E 60 B4 8C 5A FC 0F 5E C7 9F DB 75 B7 55 11 11 B0 12 93 A6 64 BB 09 C4 98 49 77 72 88 86 14 98 7C 39 2A 35 BA ED A8 A8 7A 1C 56 B5 D9 CC A4 78 3F F4 46 4C D6 06 3A 91 1D 00 0A 00 0C 00 62 00 1F 00 24 00 04 00 1B 00 0D 00 38 2F 47 61 6D 65 2F 57 73 6C 74 2F 47 61 6D 65 2F 67 69 74 68 75 62 2F 47 61 6D 65 2F 43 68 61 72 61 63 74 65 72 73 2F 50 6C 61 79 65 72 2F 46 65 6D 61 6C 65 2F 4D 65 64 69 75 6D 2F 42 6F 64 69 65 73 2F 46 5F 4D 45 44 5F 50 72 69 6D 65 2F 4D 65 73 68 65 73 2F 46 5F 4D 45 44 5F 50 72 69 6D 65 5F 53 6B 65 6C 65 74 6F 6E 5F 41 6E 69 6D 42 6C 75 65 70 72 69 6E 74 63 6F 6D 2F 43 6F 64 65 57 73 6C 74 2F 46 6F 72 74 6E 69 74 65 2D 48 65 78 2D 53 77 61 70 73 46 5F 4D 45 44 5F 50 72 69 6D 65 5F 53 6B 65 6C 65 74 6F 6E 5F 41 6E 69 6D 42 6C 75 65 70 72 69 6E 74 5F 43 57 73 6C 74 43 75 73 74 6F 6D 43 68 61 72 61 63 74 65 72 42 6F 64 79 50 61 72 74 44 61 74 61 43 72 65 61 74 65 64 42 79 57 73 6C 74 2F 47 61 6D 65 2F 41 74 68 65 6E 61 2F 48 65 72 6F 65 73 2F 4D 65 73 68 65 73 2F 42 6F 64 69 65 73 2F 43 50 5F 41 74 68 65 6E 61 5F 42 6F 64 79 5F 46 5F 50 72 69 6D 65 00 00 00 00 00 00 00 00 54 7B 85 0C 2D 3A EC 7B 7E A2 42 63 10 83 7A 73 E9 71 0B B6 57 37 B4 79 18 69 40 56 99 65 CF 69 E3 22 58 A5 6D 55 F8 70 CA 04 00 00 00 00 00 00 1A 00 00 00 00 00 00 00 06 00 00 00 01 00 00 00 01 00 00 00 00 00 00 00 54 7B 85 0C 2D 3A EC 7B FF FF FF FF FF FF FF FF E9 71 0B B6 57 37 B4 79 00 00 00 00 00 00 00 00 00 00 00 00 00 00 00 00 E4 04 00 00 00 00 00 00 3D 00 00 00 00 00 00 00 07 00 00 00 00 00 00 00 FF FF FF FF FF FF FF FF 7E A2 42 63 10 83 7A 73 FF FF FF FF FF FF FF FF 18 69 40 56 99 65 CF 69 86 45 95 25 FC F9 93 21 0B 00 00 00 00 00 00 00 01 00 00 00 00 00 00 00 00 00 00 00 00 00 00 00 01 00 00 00 01 00 00 00 00 00 00 00 01 00 00 00 00 00 00 00 00 00 00 00 00 00 00 00 04 00 00 00 00 00 00 00 00 06 09 02 05 05 02 02 01 01 00 00 00 01 00 00 00 00 00 00 00 03 00 00 00 00 00 00 00 00 00 00 00 01 00 00 00 00 00 00 00 00 00 00 00 05 00 00 00 00 00 00 00 00 00 00 00 00 00 00 00 00 03 02 00 00 00 00 00 00 00 04 00 00 00 00 00 00 00 00 00 00 00 00 00 00 00 00 00 00 00 00 00 00 00 00 00 00 00 00 00 00 00 00 00 00 00 00 00 00 00 00 00 00 00 00 00 00 00 00 00 00 00 00 00 00 00 00 00 00 00 00 00 00 00 00 00 00 00 00 00 00 00 00 00 00 00 00 00 00 00 00 00 00 00 00 00 00 00 00 00 00 00 00 00 00 00 00 00 00 00 00 00 00 00 00 00 00 00 00 00 00 00 00 00 00 00 00 00 00 00 00 00 00 00 00 00 00 00 00 00 00 00 00 00 00 00 00 00 00 00 00 00 00 00 00 00 00

----------------------------------------

Search (pakchunk10-WindowsClient_s1.ucas):

00 00 00 00 34 03 00 00 08 00 00 00 00 00 00 00 00 22 00 80 57 05 00 00 48 02 00 00 48 02 00 00 70 02 00 00 00 03 00 00 20 03 00 00 09 00 00 00 AA 01 00 00 00 00 64 C1 00 00 00 00 DA 19 08 98 2C 90 E2 24 EC 8C 8B 40 0B 00 A6 3E 9A 8A A4 44 E3 CF 5D DB 9F DB 75 B7 55 11 11 B0 D8 9C 33 81 1D 04 A0 98 49 77 72 88 86 14 98 7C 39 2A 35 BA ED A8 A8 7A 80 39 1C 5A 03 96 25 B9 DF 79 79 DE DA 64 4D 9B 00 44 00 4B 00 64 00 0B 00 26 00 19 00 1B 00 18 00 3A 2F 47 61 6D 65 2F 43 68 61 72 61 63 74 65 72 73 2F 50 6C 61 79 65 72 2F 46 65 6D 61 6C 65 2F 4D 65 64 69 75 6D 2F 42 61 73 65 2F 53 4B 5F 4D 5F 46 65 6D 61 6C 65 5F 42 61 73 65 5F 53 6B 65 6C 65 74 6F 6E 2F 47 61 6D 65 2F 43 68 61 72 61 63 74 65 72 73 2F 50 6C 61 79 65 72 2F 46 65 6D 61 6C 65 2F 4D 65 64 69 75 6D 2F 42 6F 64 69 65 73 2F 46 5F 4D 45 44 5F 50 72 69 6D 65 2F 4D 65 73 68 65 73 2F 46 5F 4D 45 44 5F 50 72 69 6D 65 2F 47 61 6D 65 2F 43 68 61 72 61 63 74 65 72 73 2F 50 6C 61 79 65 72 2F 46 65 6D 61 6C 65 2F 4D 65 64 69 75 6D 2F 42 6F 64 69 65 73 2F 46 5F 4D 45 44 5F 50 72 69 6D 65 2F 4D 65 73 68 65 73 2F 46 5F 4D 45 44 5F 50 72 69 6D 65 5F 53 6B 65 6C 65 74 6F 6E 5F 41 6E 69 6D 42 6C 75 65 70 72 69 6E 74 5F 45 46 5F 4D 45 44 5F 50 72 69 6D 65 46 5F 4D 45 44 5F 50 72 69 6D 65 5F 53 6B 65 6C 65 74 6F 6E 5F 41 6E 69 6D 42 6C 75 65 70 72 69 6E 74 5F 45 5F 43 53 4B 5F 4D 5F 46 65 6D 61 6C 65 5F 42 61 73 65 5F 53 6B 65 6C 65 74 6F 6E 43 75 73 74 6F 6D 43 68 61 72 61 63 74 65 72 42 6F 64 79 50 61 72 74 44 61 74 61 43 50 5F 41 74 68 65 6E 61 5F 42 6F 64 79 5F 46 5F 50 72 69 6D 65 5F 45 2F 47 61 6D 65 2F 41 74 68 65 6E 61 2F 48 65 72 6F 65 73 2F 4D 65 73 68 65 73 2F 42 6F 64 69 65 73 2F 43 50 5F 41 74 68 65 6E 61 5F 42 6F 64 79 5F 46 5F 50 72 69 6D 65 5F 45 00 00 00 00 00 00 00 00 54 7B 85 0C 2D 3A EC 7B 7E A2 42 63 10 83 7A 73 E9 71 0B B6 57 37 B4 79 18 69 40 56 99 65 CF 69 E3 22 58 A5 6D 55 F8 70 57 05 00 00 00 00 00 00 1A 00 00 00 00 00 00 00 06 00 00 00 01 00 00 00 01 00 00 00 00 00 00 00 54 7B 85 0C 2D 3A EC 7B FF FF FF FF FF FF FF FF E9 71 0B B6 57 37 B4 79 00 00 00 00 00 00 00 00 00 00 00 00 00 00 00 00 71 05 00 00 00 00 00 00 40 00 00 00 00 00 00 00 07 00 00 00 00 00 00 00 FF FF FF FF FF FF FF FF 7E A2 42 63 10 83 7A 73 FF FF FF FF FF FF FF FF 18 69 40 56 99 65 CF 69 B9 A5 B9 53 80 8C 46 52 0B 00 00 00 00 00 00 00 01 00 00 00 00 00 00 00 00 00 00 00 00 00 00 00 01 00 00 00 01 00 00 00 00 00 00 00 01 00 00 00 00 00 00 00 00 00 00 00 00 00 00 00 04 00 00 00 00 00 00 00 00 06 09 02 05 04 81 03 01 02 02 01 01 00 00 00 01 00 00 00 00 00 00 00 03 00 00 00 00 00 00 00 00 00 00 00 01 00 00 00 00 00 00 00 00 00 00 00 05 00 00 00 00 00 00 00 00 00 00 00 00 00 00 00 00 03 02 00 00 00 00 00 00 00 04 00 00 00 00 00 00 00 00 00 00 00 00 00 00 00 00 00

Replace:

00 00 00 00 AF 02 00 00 08 00 00 00 00 00 00 00 00 22 00 80 D2 04 00 00 C3 01 00 00 C3 01 00 00 EB 01 00 00 7B 02 00 00 9B 02 00 00 09 00 00 00 25 01 00 00 00 00 64 C1 00 00 00 00 00 00 00 00 00 00 00 00 00 00 00 00 00 00 00 3E 9A 8A A4 44 E3 CF 5D DB 9F DB 75 B7 55 11 11 B0 D8 9C 33 81 1D 04 A0 98 49 77 72 88 86 14 98 7C 39 2A 35 BA ED A8 A8 7A 80 39 1C 5A 03 96 25 B9 DF 79 79 DE DA 64 4D 9B 00 0A 00 0C 00 64 00 1F 00 26 00 04 00 1B 00 0D 00 3A 2F 47 61 6D 65 2F 57 73 6C 74 2F 47 61 6D 65 2F 67 69 74 68 75 62 2F 47 61 6D 65 2F 43 68 61 72 61 63 74 65 72 73 2F 50 6C 61 79 65 72 2F 46 65 6D 61 6C 65 2F 4D 65 64 69 75 6D 2F 42 6F 64 69 65 73 2F 46 5F 4D 45 44 5F 50 72 69 6D 65 2F 4D 65 73 68 65 73 2F 46 5F 4D 45 44 5F 50 72 69 6D 65 5F 53 6B 65 6C 65 74 6F 6E 5F 41 6E 69 6D 42 6C 75 65 70 72 69 6E 74 5F 45 63 6F 6D 2F 43 6F 64 65 57 73 6C 74 2F 46 6F 72 74 6E 69 74 65 2D 48 65 78 2D 53 77 61 70 73 46 5F 4D 45 44 5F 50 72 69 6D 65 5F 53 6B 65 6C 65 74 6F 6E 5F 41 6E 69 6D 42 6C 75 65 70 72 69 6E 74 5F 45 5F 43 57 73 6C 74 43 75 73 74 6F 6D 43 68 61 72 61 63 74 65 72 42 6F 64 79 50 61 72 74 44 61 74 61 43 72 65 61 74 65 64 42 79 57 73 6C 74 2F 47 61 6D 65 2F 41 74 68 65 6E 61 2F 48 65 72 6F 65 73 2F 4D 65 73 68 65 73 2F 42 6F 64 69 65 73 2F 43 50 5F 41 74 68 65 6E 61 5F 42 6F 64 79 5F 46 5F 50 72 69 6D 65 5F 45 00 00 00 00 00 00 00 00 54 7B 85 0C 2D 3A EC 7B 7E A2 42 63 10 83 7A 73 E9 71 0B B6 57 37 B4 79 18 69 40 56 99 65 CF 69 E3 22 58 A5 6D 55 F8 70 D2 04 00 00 00 00 00 00 1A 00 00 00 00 00 00 00 06 00 00 00 01 00 00 00 01 00 00 00 00 00 00 00 54 7B 85 0C 2D 3A EC 7B FF FF FF FF FF FF FF FF E9 71 0B B6 57 37 B4 79 00 00 00 00 00 00 00 00 00 00 00 00 00 00 00 00 EC 04 00 00 00 00 00 00 40 00 00 00 00 00 00 00 07 00 00 00 00 00 00 00 FF FF FF FF FF FF FF FF 7E A2 42 63 10 83 7A 73 FF FF FF FF FF FF FF FF 18 69 40 56 99 65 CF 69 B9 A5 B9 53 80 8C 46 52 0B 00 00 00 00 00 00 00 01 00 00 00 00 00 00 00 00 00 00 00 00 00 00 00 01 00 00 00 01 00 00 00 00 00 00 00 01 00 00 00 00 00 00 00 00 00 00 00 00 00 00 00 04 00 00 00 00 00 00 00 00 06 09 02 05 04 81 03 01 02 02 01 01 00 00 00 01 00 00 00 00 00 00 00 03 00 00 00 00 00 00 00 00 00 00 00 01 00 00 00 00 00 00 00 00 00 00 00 05 00 00 00 00 00 00 00 00 00 00 00 00 00 00 00 00 03 02 00 00 00 00 00 00 00 04 00 00 00 00 00 00 00 00 00 00 00 00 00 00 00 00 00 00 00 00 00 00 00 00 00 00 00 00 00 00 00 00 00 00 00 00 00 00 00 00 00 00 00 00 00 00 00 00 00 00 00 00 00 00 00 00 00 00 00 00 00 00 00 00 00 00 00 00 00 00 00 00 00 00 00 00 00 00 00 00 00 00 00 00 00 00 00 00 00 00 00 00 00 00 00 00 00 00 00 00 00 00 00 00 00 00 00 00 00 00 00 00 00 00 00 00 00 00 00 00 00 00 00 00 00 00 00 00 00 00 00 00 00 00 00 00 00 00 00 00 00 00 00 00 00 00 00 00

----------------------------------------

Search (pakchunk10-WindowsClient_s1.ucas):

8C 02 02 47 FA 00 00 00 00 C5 03 00 00 0A 00 99 F9 22 00 80 E6 05 00 00 D9 02 94 0F 03 01 03 00 00 91 03 00 00 B1 03 00 00 0B 00 00 00 27 02 29 00 02 64 C1 2F 00 2F 8F DA 19 08 98 2C 90 E2 24 EC 8C 8B 40 0B 00 A6 3E 60 B4 8C 5A FC 0F 5E C7 4D C5 01 40 C1 AA 0F 5A 9F DB 75 B7 55 11 11 B0 C7 55 F2 4A CD 4A 62 49 12 93 A6 64 BB 09 C4 98 49 77 72 88 86 14 98 7C 39 2A 35 BA ED A8 A8 7A E6 7F A4 3C 09 2F 86 A2 21 21 46 6F 35 30 B8 72 00 44 00 4B 00 62 00 6D 00 0B 00 14 00 24 00 19 00 1B 00 18 00 3A 2F 47 61 6D 65 2F 43 68 61 72 61 63 74 65 72 73 2F 50 6C 61 79 65 72 2F 46 65 6D 61 6C 65 2F 4D 65 64 69 75 6D 2F 42 61 73 65 2F 53 4B 5F 4D 5F 18 00 FE 5F 42 61 73 65 5F 53 6B 65 6C 65 74 6F 6E 14 44 00 0F 01 6F 64 69 65 73 2F 46 5F 4D 45 44 5F 50 72 69 6D 1A 00 B2 73 68 13 00 F0 37 4B 00 50 9F 00 FE 5F 41 6E 69 6D 42 6C 75 65 70 72 69 6E 74 26 62 00 94 53 6B 69 6E AC 00 BD 5F 42 4C 4B 2F 4D 61 74 65 72 69 61 6C 1A 00 03 6F 64 79 1F 00 70 14 00 F0 0C 1F 00 F0 04 AE 00 F2 5F 43 06 76 01 56 43 75 73 74 6F 6D 76 01 00 73 00 2F 02 50 61 72 74 44 61 74 61 43 50 5F 41 74 68 65 6E 61 89 00 31 46 96 00 21 47 FC 00 20 1B 00 47 2F 48 65 72 6F 65 73 39 01 30 9E 01 F0 05 3A 00 40 C8 02 0F 19 54 7B 85 0C 2D 3A EC 7B 7E A2 42 63 10 83 7A 73 E9 71 0B B6 57 37 B4 79 18 69 40 56 99 65 CF 69 E3 22 58 A5 6D 55 F8 70 ED 02 00 FC 02 31 1A 39 00 F5 08 00 00 00 01 9C F0 81 40 48 00 F1 FF 99 40 48 00 F1 00 E1 21 06 12 00 31 63 18 00 31 09 08 00 40 38 00 40 88 00 40 10 00 40 88 00 39 A1 93 33 33 99 28 8A 1B 0B 30 00 40 78 00 71 00 10 00 71 01 0C 00 F0 C1 41 04 0D 00 7F 01 06 09 02 05 04 81 02 01 02 05 03 01 02 02 01 01 2C 00 50 24 00 B0 5C 00 F2 07 00 B1 00 2C 00 02 80 05 EB 03 10 15 00 B1 05 1B 00 10

Replace:

8C 02 02 30 FA 00 00 00 00 EA 02 00 00 0A 00 99 F9 22 00 80 0B 05 00 00 FE 01 94 0F 03 26 02 00 00 B6 02 00 00 D6 02 00 00 0B 00 00 00 4C 01 29 00 F3 64 C1 00 F1 2F 5A 3E 60 B4 8C 5A FC 0F 5E C7 4D C5 01 40 C1 AA 0F 5A 9F DB 75 B7 55 11 11 B0 C7 55 F2 4A CD 4A 62 49 12 93 A6 64 BB 09 C4 98 49 77 72 88 86 14 98 7C 39 2A 35 BA ED A8 A8 7A E6 7F A4 3C 09 2F 86 A2 21 21 46 6F 35 30 B8 72 00 0A 00 0C 00 62 00 0C 00 1F 00 1F 00 24 00 04 00 1B 00 0D 00 3A 2F 47 61 6D 65 2F 57 73 6C 74 0A 00 26 67 69 74 68 75 62 0C 00 0F 22 43 68 61 72 61 63 74 65 72 73 2F 50 6C 61 79 65 72 2F 46 65 6D 61 6C 65 2F 4D 65 64 69 75 6D 2F 42 6F 64 69 65 73 2F 46 5F 4D 45 44 5F 50 72 69 6D 1A 00 A2 73 68 13 00 9F 07 5F 53 6B 65 6C 65 74 6F 6E 5F 41 6E 69 6D 42 6C 75 65 70 72 69 6E 6E 00 18 63 6F 6D 2F 43 6F 64 65 86 00 FF 03 46 6F 72 74 6E 69 74 65 2D 48 65 78 2D 53 77 61 70 73 0C 1F 00 F0 0F 6C 00 02 5F 43 3B 00 56 43 75 73 74 6F 6D D4 00 1F 06 42 6F 64 79 50 61 72 74 44 61 74 61 43 72 65 61 74 65 64 42 79 82 00 10 9A 00 4D 41 74 68 65 6E 61 2F 48 65 72 6F 65 73 D7 00 30 F1 00 23 43 50 5F 1F 00 01 5F 45 00 32 5F 46 7D 00 41 47 ED 01 0F 19 54 7B 85 0C 2D 3A EC 7B 7E A2 42 63 10 83 7A 73 E9 71 0B B6 57 37 B4 79 18 69 40 56 99 65 CF 69 E3 22 58 A5 6D 55 F8 70 12 02 F0 81 31 1A 39 00 F5 08 00 00 00 01 9C 00 18 00 40 48 00 F1 FF 99 40 48 00 F1 00 D9 31 25 48 00 31 63 18 00 31 09 08 00 40 38 00 40 88 00 40 10 00 40 88 00 39 A1 93 33 33 99 28 8A 1B 0B 38 00 40 78 00 71 00 10 00 71 01 0C 00 F0 C1 41 04 0D 00 8F 00 06 09 02 05 04 81 02 01 02 05 03 01 02 02 01 34 00 50 24 00 B0 5C 00 F2 07 00 B1 00 30 00 34 80 05 01 03 13 00 61 05 1A 00 60 33 00 32 03 02 16 00 F2 06 00 F9 C0 CE 09 00 00 00 00 00 00 00 00

----------------------------------------

Search (pakchunk10-WindowsClient_s1.ucas):

00 00 00 00 02 03 00 00 08 00 00 00 00 00 00 00 00 22 00 80 23 05 00 00 16 02 00 00 16 02 00 00 3E 02 00 00 CE 02 00 00 EE 02 00 00 09 00 00 00 78 01 00 00 00 00 64 C1 00 00 00 00 3F 2D 8A 55 3E 7A F2 A1 47 C4 93 B7 35 63 9A 3B 70 33 55 C5 1C 50 0A 52 A2 E3 34 12 EA 02 24 61 E2 68 85 8B 72 A0 A2 7A 3F 68 59 C1 9F 82 81 DB 39 2A 35 BA ED A8 A8 7A 1B E4 30 06 67 A4 A2 5F 83 C6 9D 38 6F FE A1 89 00 40 00 49 00 50 00 0B 00 14 00 17 00 1B 00 16 00 38 2F 47 61 6D 65 2F 43 68 61 72 61 63 74 65 72 73 2F 50 6C 61 79 65 72 2F 4D 61 6C 65 2F 4D 65 64 69 75 6D 2F 42 61 73 65 2F 53 4B 5F 4D 5F 4D 41 4C 45 5F 42 61 73 65 5F 53 6B 65 6C 65 74 6F 6E 2F 47 61 6D 65 2F 43 68 61 72 61 63 74 65 72 73 2F 50 6C 61 79 65 72 2F 4D 61 6C 65 2F 4D 65 64 69 75 6D 2F 42 6F 64 69 65 73 2F 4D 5F 4D 45 44 5F 50 72 69 6D 65 2F 4D 65 73 68 65 73 2F 4D 5F 4D 45 44 5F 50 72 69 6D 65 2F 47 61 6D 65 2F 43 68 61 72 61 63 74 65 72 73 2F 50 6C 61 79 65 72 2F 4D 61 6C 65 2F 4D 65 64 69 75 6D 2F 42 6F 64 69 65 73 2F 4D 5F 4D 45 44 5F 50 72 69 6D 65 2F 4D 65 73 68 65 73 2F 4D 5F 4D 45 44 5F 50 72 69 6D 65 5F 41 6E 69 6D 42 50 4D 5F 4D 45 44 5F 50 72 69 6D 65 4D 5F 4D 45 44 5F 50 72 69 6D 65 5F 41 6E 69 6D 42 50 5F 43 53 4B 5F 4D 5F 4D 41 4C 45 5F 42 61 73 65 5F 53 6B 65 6C 65 74 6F 6E 43 75 73 74 6F 6D 43 68 61 72 61 63 74 65 72 42 6F 64 79 50 61 72 74 44 61 74 61 43 50 5F 41 74 68 65 6E 61 5F 42 6F 64 79 5F 4D 5F 50 72 69 6D 65 2F 47 61 6D 65 2F 41 74 68 65 6E 61 2F 48 65 72 6F 65 73 2F 4D 65 73 68 65 73 2F 42 6F 64 69 65 73 2F 43 50 5F 41 74 68 65 6E 61 5F 42 6F 64 79 5F 4D 5F 50 72 69 6D 65 00 00 00 00 00 00 00 00 54 7B 85 0C 2D 3A EC 7B 7E A2 42 63 10 83 7A 73 E9 71 0B B6 57 37 B4 79 18 69 40 56 99 65 CF 69 E3 22 58 A5 6D 55 F8 70 23 05 00 00 00 00 00 00 1A 00 00 00 00 00 00 00 06 00 00 00 02 00 00 00 01 00 00 00 00 00 00 00 54 7B 85 0C 2D 3A EC 7B FF FF FF FF FF FF FF FF E9 71 0B B6 57 37 B4 79 00 00 00 00 00 00 00 00 00 00 00 00 00 00 00 00 3D 05 00 00 00 00 00 00 3C 00 00 00 00 00 00 00 07 00 00 00 00 00 00 00 FF FF FF FF FF FF FF FF 7E A2 42 63 10 83 7A 73 FF FF FF FF FF FF FF FF 18 69 40 56 99 65 CF 69 D9 D6 92 41 DA 6B F8 D2 0B 00 00 00 00 00 00 00 01 00 00 00 00 00 00 00 00 00 00 00 00 00 00 00 01 00 00 00 01 00 00 00 00 00 00 00 01 00 00 00 00 00 00 00 00 00 00 00 00 00 00 00 04 00 00 00 00 00 00 00 01 04 09 02 05 05 02 01 01 00 00 00 01 00 00 00 00 00 00 00 03 00 00 00 00 00 00 00 00 00 00 00 01 00 00 00 00 00 00 00 00 00 00 00 05 00 00 00 00 00 00 00 00 00 00 00 00 00 00 00 00 03 02 00 00 00 00 00 00 00 04 00 00 00 00 00 00 00 00 00 00 00 00 00 00 00 00 00 00 00 02 03 00 00

Replace:

00 00 00 00 87 02 00 00 08 00 00 00 00 00 00 00 00 22 00 80 A8 04 00 00 9B 01 00 00 9B 01 00 00 C3 01 00 00 53 02 00 00 73 02 00 00 09 00 00 00 FD 00 00 00 00 00 64 C1 00 00 00 00 00 00 00 00 00 00 00 00 00 00 00 00 00 00 00 3B 70 33 55 C5 1C 50 0A 52 A2 E3 34 12 EA 02 24 61 E2 68 85 8B 72 A0 A2 7A 3F 68 59 C1 9F 82 81 DB 39 2A 35 BA ED A8 A8 7A 1B E4 30 06 67 A4 A2 5F 83 C6 9D 38 6F FE A1 89 00 0A 00 0C 00 50 00 1F 00 14 00 04 00 1B 00 0D 00 38 2F 47 61 6D 65 2F 57 73 6C 74 2F 47 61 6D 65 2F 67 69 74 68 75 62 2F 47 61 6D 65 2F 43 68 61 72 61 63 74 65 72 73 2F 50 6C 61 79 65 72 2F 4D 61 6C 65 2F 4D 65 64 69 75 6D 2F 42 6F 64 69 65 73 2F 4D 5F 4D 45 44 5F 50 72 69 6D 65 2F 4D 65 73 68 65 73 2F 4D 5F 4D 45 44 5F 50 72 69 6D 65 5F 41 6E 69 6D 42 50 63 6F 6D 2F 43 6F 64 65 57 73 6C 74 2F 46 6F 72 74 6E 69 74 65 2D 48 65 78 2D 53 77 61 70 73 4D 5F 4D 45 44 5F 50 72 69 6D 65 5F 41 6E 69 6D 42 50 5F 43 57 73 6C 74 43 75 73 74 6F 6D 43 68 61 72 61 63 74 65 72 42 6F 64 79 50 61 72 74 44 61 74 61 43 72 65 61 74 65 64 42 79 57 73 6C 74 2F 47 61 6D 65 2F 41 74 68 65 6E 61 2F 48 65 72 6F 65 73 2F 4D 65 73 68 65 73 2F 42 6F 64 69 65 73 2F 43 50 5F 41 74 68 65 6E 61 5F 42 6F 64 79 5F 4D 5F 50 72 69 6D 65 00 00 00 00 00 00 00 00 54 7B 85 0C 2D 3A EC 7B 7E A2 42 63 10 83 7A 73 E9 71 0B B6 57 37 B4 79 18 69 40 56 99 65 CF 69 E3 22 58 A5 6D 55 F8 70 A8 04 00 00 00 00 00 00 1A 00 00 00 00 00 00 00 06 00 00 00 02 00 00 00 01 00 00 00 00 00 00 00 54 7B 85 0C 2D 3A EC 7B FF FF FF FF FF FF FF FF E9 71 0B B6 57 37 B4 79 00 00 00 00 00 00 00 00 00 00 00 00 00 00 00 00 C2 04 00 00 00 00 00 00 3C 00 00 00 00 00 00 00 07 00 00 00 00 00 00 00 FF FF FF FF FF FF FF FF 7E A2 42 63 10 83 7A 73 FF FF FF FF FF FF FF FF 18 69 40 56 99 65 CF 69 D9 D6 92 41 DA 6B F8 D2 0B 00 00 00 00 00 00 00 01 00 00 00 00 00 00 00 00 00 00 00 00 00 00 00 01 00 00 00 01 00 00 00 00 00 00 00 01 00 00 00 00 00 00 00 00 00 00 00 00 00 00 00 04 00 00 00 00 00 00 00 01 04 09 02 05 05 02 01 01 00 00 00 01 00 00 00 00 00 00 00 03 00 00 00 00 00 00 00 00 00 00 00 01 00 00 00 00 00 00 00 00 00 00 00 05 00 00 00 00 00 00 00 00 00 00 00 00 00 00 00 00 03 02 00 00 00 00 00 00 00 04 00 00 00 00 00 00 00 00 00 00 00 00 00 00 00 00 00 00 00 00 00 00 00 00 00 00 00 00 00 00 00 00 00 00 00 00 00 00 00 00 00 00 00 00 00 00 00 00 00 00 00 00 00 00 00 00 00 00 00 00 00 00 00 00 00 00 00 00 00 00 00 00 00 00 00 00 00 00 00 00 00 00 00 00 00 00 00 00 00 00 00 00 00 00 00 00 00 00 00 00 00 00 00 00 00 00 00 00 00 00 00 00 00 00 00 00 00 00 00 00 00 00 00 00 00 00 00 00 00 00 00 00 00 00 00 00 00 00

----------------------------------------

Search (pakchunk10-WindowsClient_s1.ucas):

8C 02 02 3C FA 00 00 00 00 99 03 00 00 0A 00 99 F9 22 00 80 BA 05 00 00 AD 02 94 0F 03 D5 02 00 00 65 03 00 00 85 03 00 00 0B 00 00 00 FB 01 29 00 02 64 C1 2F 00 FF 9F 3F 2D 8A 55 3E 7A F2 A1 47 C4 93 B7 35 63 9A 3B 70 33 55 C5 1C 50 0A 52 5F FB 99 95 37 FD E1 14 A2 E3 34 12 EA 02 24 61 E2 68 85 8B 72 A0 A2 7A 83 53 10 DE 6F FC 57 2D 3F 68 59 C1 9F 82 81 DB 39 2A 35 BA ED A8 A8 7A 75 87 E8 4E A0 53 E4 95 81 42 AA 8C 16 D2 58 1A 00 40 00 49 00 50 00 6B 00 0B 00 14 00 14 00 17 00 1B 00 18 00 3A 2F 47 61 6D 65 2F 43 68 61 72 61 63 74 65 72 73 2F 50 6C 61 79 65 72 2F 4D 61 6C 65 2F 4D 65 64 69 75 6D 2F 42 61 73 65 2F 53 4B 5F 4D 5F 4D 41 4C 45 5F 42 61 73 65 5F 53 6B 65 6C 65 74 6F 6E 12 40 00 0F 01 6F 64 69 65 73 2F 4D 5F 4D 45 44 5F 50 72 69 6D 1A 00 B2 73 68 13 00 F0 35 49 00 F7 5F 41 6E 69 6D 42 50 24 50 00 94 53 6B 69 6E 98 00 BD 5F 42 4C 4B 2F 4D 61 74 65 72 69 61 6C 1A 00 03 6F 64 79 1F 00 70 14 00 80 39 00 20 88 00 F2 5F 43 01 33 00 F0 04 4E 01 56 43 75 73 74 6F 6D 4E 01 00 2E 00 2F 02 50 61 72 74 44 61 74 61 43 50 5F 41 74 68 65 6E 61 44 00 31 4D 51 00 21 47 C1 01 20 1B 00 05 2F 48 65 72 6F 57 01 20 15 01 30 DF 00 F0 05 3A 00 40 9C 02 0F 19 54 7B 85 0C 2D 3A EC 7B 7E A2 42 63 10 83 7A 73 E9 71 0B B6 57 37 B4 79 18 69 40 56 99 65 CF 69 E3 22 58 A5 6D 55 F8 70 C1 02 00 D0 02 31 1A 39 00 39 08 00 00 00 02 00 00 00 01 10 00 40 48 00 F1 FF 99 40 48 00 F1 00 D9 31 D4 48 00 31 62 18 00 31 09 08 00 40 38 00 40 88 00 40 10 00 40 88 00 39 00 47 1F 9B 74 D3 18 8E 0B 38 00 40 78 00 71 00 10 00 71 01 0C 00 F0 C1 41 04 18 00 8E 04 09 02 05 04 81 02 01 02 05 03 01 02 01 33 00 71 04 30 00 80 3F 00 B1 07 18 00 34 80 05 01 03 13 00 B1 06 1B 00 10 0F 00 32 03 02

Replace:

8C 02 02 2A FA 00 00 00 00 C8 02 00 00 0A 00 99 F9 22 00 80 E9 04 00 00 DC 01 94 0F 03 04 02 00 00 94 02 00 00 B4 02 00 00 0B 00 00 00 2A 01 29 00 F3 64 C1 00 F1 2F 5A 3B 70 33 55 C5 1C 50 0A 52 5F FB 99 95 37 FD E1 14 A2 E3 34 12 EA 02 24 61 E2 68 85 8B 72 A0 A2 7A 83 53 10 DE 6F FC 57 2D 3F 68 59 C1 9F 82 81 DB 39 2A 35 BA ED A8 A8 7A 75 87 E8 4E A0 53 E4 95 81 42 AA 8C 16 D2 58 1A 00 0A 00 0C 00 50 00 0C 00 1F 00 14 00 1F 00 04 00 1B 00 0D 00 3A 2F 47 61 6D 65 2F 57 73 6C 74 0A 00 26 67 69 74 68 75 62 0C 00 0F 20 43 68 61 72 61 63 74 65 72 73 2F 50 6C 61 79 65 72 2F 4D 61 6C 65 2F 4D 65 64 69 75 6D 2F 42 6F 64 69 65 73 2F 4D 5F 4D 45 44 5F 50 72 69 6D 1A 00 A2 73 68 13 00 87 5F 41 6E 69 6D 42 50 5C 00 18 63 6F 6D 2F 43 6F 64 65 74 00 EF 03 46 6F 72 74 6E 69 74 65 2D 48 65 78 2D 53 77 61 70 73 3D 00 F2 5F 43 0C 33 00 00 4A 00 56 43 75 73 74 6F 6D B2 00 6F 06 42 6F 64 79 50 61 72 74 44 61 74 61 43 72 65 61 74 65 64 42 79 E6 00 0B 41 74 68 65 6E 61 2F 48 65 72 6F B0 00 20 B7 00 30 D1 00 23 43 50 5F 1F 00 37 5F 42 6F 64 79 5F 4D 8C 00 41 47 CB 01 0F 19 54 7B 85 0C 2D 3A EC 7B 7E A2 42 63 10 83 7A 73 E9 71 0B B6 57 37 B4 79 18 69 40 56 99 65 CF 69 E3 22 58 A5 6D 55 F8 70 F0 01 00 FF 01 31 1A 39 00 39 08 00 00 00 02 00 00 00 01 10 00 40 48 00 F1 FF 99 40 48 00 F1 00 D9 22 03 05 12 00 31 62 38 00 31 09 08 00 40 38 00 40 88 00 40 10 00 40 88 00 39 00 47 1F 9B 74 D3 18 8E 0B 30 00 40 78 00 71 00 10 00 71 01 0C 00 F0 C1 30 BB 00 7F 02 00 01 04 09 02 05 04 81 02 01 02 05 03 01 02 01 01 2B 00 40 23 00 71 00 14 00 00 0C 00 F2 07 00 B1 00 2C 00 34 80 05 01 03 13 00 61 06 1A 00 50 47 00 33 00 03 02 16 00 71 05 1E 00 F0 7F 0B 00 3A 09 00 00 00 00 00 00 00 00 00

----------------------------------------

Search (pakchunk20-WindowsClient.ucas):

8C 0A 00 20 79 88 20 77 00 00 00 00 58 3C 00 00 00 15 20 3B 01 00 00 00 22 00 80 09 45 E3 39 00 00 4B 3A 43 3B 8B 3B 9B 3C 01 47 2D 00 00 64 C1 00 00 CA B6 9A DC 81 46 B1 7F 67 36 62 2F 3B 71 A3 83 E0 71 5C 84 4E 5A 07 F2 0D B7 75 93 8E 8B 51 A8 85 4C 3A 97 DC 8C 3F 92 F9 4F 9C 58 E7 7B 47 6C 1C 24 91 B7 70 BD 15 8A CA 6E 07 38 E4 D3 9A D8 B7 7B 34 E7 F2 77 32 39 86 9F E1 22 A8 71 0E 55 2D 1C 3C EE CA C8 E0 7D 2D 0B 30 19 32 E4 D4 77 C5 FD A5 CF E0 D7 15 C3 A8 69 34 20 37 9C 39 9B 38 7A 96 77 A8 EA 01 56 E4 D5 67 61 9E 0A F8 CB 42 5C EB FF E2 8C 0A 62 5A 90 7E 91 80 E9 E0 9A E1 17 D7 B4 68 ED 1E 9F CA 67 BA 6F 70 A7 38 4A 60 2E A0 4F 97 7A B5 DE D2 CD 5C 63 1B 8B F0 ED B5 89 DE 7D 3E F6 7D 79 5D 01 44 AB 90 06 63 7A D0 C5 71 78 6D 4A 01 A1 FE 11 72 3F 16 6C 7C 94 5C AA 7D B4 0F D4 C5 90 39 FA DB 8A 12 94 9E F8 D4 84 7C C6 01 C5 6D 7F AC DB 35 D2 3B D8 C5 23 B7 8B 0A 6C 1D 6E B8 56 8A 64 05 A8 6D A3 55 EB 80 F1 96 F0 47 FA C1 B9 80 46 88 6D 13 EE 5D BC 75 3C B9 CE B2 8A 70 84 D5 61 86 AA C3 A0 DA 6B AB E1 3D B1 75 ED DF 8A C7 76 3E 4D BF 73 3E BC F8 80 66 0F 3C 8C B2 A8 FE 8B 23 19 3F 3D 8E F4 81 1A F9 96 0D 60 10 42 D1 1F 76 AA 4F 84 50 52 0B FE 37 6C 6D 03 C8 41 7E 4A E9 D8 C8 FD A3 EB 7C DE 13 C2 E3 CB D1 42 0D A5 E4 AC 51 4F C9 8E F4 CD D6 6F EA 52 78 86 B5 3B D0 02 37 EE B0 45 F5 54 00 A9 44 3A 4B F2 DC C5 47 87 74 77 A2 77 EC 8C 46 B5 16 C8 C7 4D 8B C6 A3 A6 FA B6 97 C8 B0 13 E3 81 53 B3 9C E2 87 06 A1 FF 4B 80 04 92 74 DD 82 39 5E 32 A6 C0 37 24 65 B6 6F 8A C0 7C 41 1D D0 00 6F D4 77 50 2D 8B FD 8D BE D1 DE 04 29 71 3B 5B 45 7B 54 7F 5E BE 1C AB 00 6B 04 18 D5 C1 3A 1D DD E9 17 18 53 B8 21 03 F2 FD 47 8F AD 6B FD F4 11 2F 69 A8 08 BC 8D 43 44 F3 DC 4A 5C 5D 2D 6E B0 40 26 AC 81 93 CF 86 44 BF 15 F3 E3 BE 5B B0 31 C3 EF 53 AB 3F DB 21 F3 E8 65 87 CE 91 45 FB 99 96 1D 29 B9 29 E3 65 AB 00 D8 4C D2 00 91 51 55 55 02 C5 9F 09 2B 31 14 86 2F 4B 83 54 00 07 97 C0 02 5B C5 0D D7 F3 5F 44 59 05 18 5F C7 F3 53 BA 0A 56 5A A9 56 E8 9E 43 AA C9 21 04 AF 1D 87 3E F8 AF 79 27 3E 5A 60 A8 54 F6 17 86 CC 9F D3 F2 1C 6C 7D 81 0C 2D 98 7E EF 2A C8 F5 10 0C 93 AC 58 F4 85 FB 3B A2 76 DF EE 35 F5 F9 68 1D 4E E3 37 11 37 73 31 DA B7 E8 49 7D 0A 10 69 90 02 69 C3 97 42 DE 7D C0 64 E5 EC F3 CA 2B BE BF FC 8D 32 3D 21 10 25 86 B6 B0 5D F3 FA 2B D8 54 A7 F6 BF E8 F8 16 C0 2E FD 30 62 C8 DF E1 8C 7A FE E6 10 E0 2E A5 81 BC A2 46 2D 68 4D D6 6A 96 22 C8 B1 1F 9E 20 D3 0A 2A 75 1A 93 7B F4 9E 6E E1 9D 21 F2 E7 63 A1 D3 52 A1 81 0D 17 EB 40 E9 F1 BF 9F 0E 8F 27 87 73 26 D3 4D FF C0 9F 4A 6E 83 50 DF 8E EC B9 FE 42 15 00 BC C9 F3 23 E7 4E B1 7D 71 2C A3 8E 8A D5 25 24 4C 99 B8 7A C7 FF 63 58 AA D6 E1 99 EB C4 4C DC 0B 38 97 CC 11 BB 14 D4 F0 34 C6 F6 99 DE 9F 47 B0 94 62 B8 5C 4F 0F 85 E5 86 E6 4A 8E 60 D6 EC 1F 00 FD 11 E3 9B CC 84 63 87 9D B0 25 7D C5 B9 A5 F7 CF DF 71 F8 51 17 74 5A F5 65 26 BA 48 31 F6 A9 9B 46 BA 20 F2 65 E7 91 39 18 4D 06 5C D9 38 07 F1 76 45 08 6C 8D 4D A6 DC 94 48 4F D9 6A B9 BD AD 73 1F 40 B9 0F 26 C3 BA 0A 13 CF B8 F9 92 64 D9 32 B2 50 FC EA 6F E9 2E 96 47 8E E9 FA 76 4F B2 FD 46 9D 25 99 D9 80 CD 3C 90 2F 6A FE B9 9E 9B 5E 2D B9 01 02 4F B7 06 C2 1F 4A 97 96 69 4D 63 3E 3C A4 00 76 56 E5 76 D1 EC 97 AC 9A 34 2D 1A 75 3D 24 6A 9C EC C0 B7 BF 8C E9 CF B2 C8 27 B1 00 BE 07 7E 4D 7A 49 63 62 F0 DA 01 6D 45 28 01 E2 C5 0B 8C 8F 05 72 2D 80 A5 7E 14 23 C6 EE B5 0F 0F 5C 78 D6 D9 30 1C 8F 16 71 9A C6 EB 7F EA A9 CD A7 83 9E B6 62 62 B2 EF C7 86 0E 22 53 60 EB C8 E4 FB DA C0 36 8F E3 B1 CA 2C 58 4A E0 C5 96 20 EF D0 27 24 90 8E CD 2D 84 36 BB 8A C4 85 63 59 A0 FA 96 D9 EC A8 61 B2 32 30 2C 41 07 74 6B 57 EF 91 7F 73 D2 BD 86 F1 F6 85 E0 65 DA B9 DB 09 81 BF B3 AA BC 8C 14 50 73 C5 7F 61 14 11 46 88 8B CE 57 D1 28 5A D0 8B 1A 5A B1 23 E0 DC B7 76 D1 C8 89 56 A9 C5 00 C1 98 67 52 22 29 51 7E E0 A8 1C 2E 65 3D 07 FD 49 72 46 27 54 A2 7F 66 53 B2 DB FB 31 A6 F3 09 A2 5D D6 3C 7B AF B7 7F E8 26 A7 6A BA DD F9 A9 33 EB D7 B7 F8 E9 86 7C 84 9E 19 25 68 F1 BF B7 E9 70 A6 8D 1B F3 EB 21 40 A8 BA 52 B5 91 FF 91 AF 89 21 71 F5 7F D7 45 3A BD FC 7F 43 7D 8B 93 DB C0 46 B9 C3 20 09 E8 46 4F F9 78 C3 09 95 31 4D 59 7C 88 98 15 98 12 BB F6 AD B3 B5 75 DB A1 3C 8F 48 EA A5 0D 41 CF A1 28 57 B9 5E D4 06 6E 3F 1B A0 05 DC D2 07 49 99 52 60 8F 1C B7 99 82 A6 2A EB 84 B0 88 60 3A DC FF D1 BA 67 D0 53 9D 95 F6 DB AD 81 8C F2 7D 67 BC B8 18 A3 26 9A 51 8F FB A1 F3 65 09 0E 65 D1 90 55 5E EB C5 C4 E0 84 4A 6B A7 30 F1 A8 B3 A9 8C 67 0C 8F 81 D1 E0 08 75 84 0B 13 6E 25 22 9A 0D 7E 9D 14 CE B9 C7 AF 01 74 7E 4C 91 A0 0E E2 75 EE 9F 8D 4C 17 E9 13 19 B6 6B 8C AA 31 20 D8 A0 9B 98 EF 63 1A 3D 27 C1 42 0E 51 42 5C FD E1 94 69 37 AE CD 1F FF AD 5C F9 0E B1 B5 48 38 AA AD B2 FF C4 1E FF F5 FA 98 D6 03 89 FB A5 13 E0 E8 F2 99 AF 04 59 58 7B 7B 16 F0 54 B5 6B F7 BD 01 30 40 12 D5 86 BE C8 BF 5F 30 08 78 E6 1B A9 B8 68 51 65 EE D5 C7 44 F4 6D 3A 02 A0 85 57 79 16 D0 1B DA A5 0A 38 67 0B B0 C2 F1 29 16 63 1A 0D D4 4A 03 0B DD C1 BC 05 D5 53 2F 31 35 96 E3 44 51 B0 A3 4E E4 F6 28 2E 4A 56 39 14 17 A7 A3 FC DA 78 7C CB FD DB 82 49 0C 37 81 56 51 EE 99 AC A2 A9 0C 66 98 C0 0D 03 AC 70 90 F1 57 3D A6 CF 8A 8D 68 0B 00 5D CC 00 72 4D FD F6 5D 7F 12 23 E4 F5 BE 99 4E 19 7A 9D F1 11 0F 6E 3B E9 D0 6B F0 53 01 0D 23 43 42 53 C1 91 64 22 DF 6F 69 6C 93 FF C0 BE D2 D2 23 8C B4 14 E4 1A 32 52 53 00 E1 0B 76 CB 7D 90 9B 67 2A D0 42 14 55 17 85 6A 35 DC 7C 8C 73 97 8C 44 CD 91 1A 6B 15 5F A8 8E 62 6D 42 EA D7 99 7E 50 6B CB EE 24 86 AB 29 C6 9B F2 D9 E0 40 5E B3 E5 62 88 AB 46 34 5D FE 39 49 39 DD 56 B8 2E E4 72 90 D7 39 14 66 47 F9 3F 84 B3 49 88 6E 3D 6C BB 1E 6F 70 91 CC 5E 91 C5 5F DC 7A 80 C9 93 E0 04 51 2E AA 96 33 59 E0 6B BE C5 56 09 1C 08 16 47 81 DD 65 C4 E2 32 A4 E5 A4 6D CB 88 EE 0E 6E 0E 34 BD 0E D0 56 CB 32 3F D3 98 88 61 22 3A 25 85 38 CF 30 43 C7 FE D3 4F B8 BE 45 7E BB D6 F5 9C 26 E8 4E 92 C2 84 10 31 FF EE B4 63 DE 2D B0 EF FF 04 67 47 8E 1E 05 5E 29 F8 67 44 37 1B A7 67 7F FE 1A F4 05 B4 6A 0D EE 34 B5 9F 17 E7 48 8B EF AE 57 92 43 7A 6E D9 43 CF DE 24 5F E1 90 7C 79 A0 9D D6 1E 2E EA 44 89 78 50 F0 4A 61 A1 F9 4B 96 45 35 5B 75 BD 1F 1E 65 C4 4F C2 AC 6A 54 58 31 3F 4A 92 FA CB A5 15 3B 8A D0 AF BE 07 AD B6 29 0B AB 25 DB 1F FA 3D 44 65 9E 76 14 57 89 F4 CA E5 AF 6E 68 F4 AD A4 C1 FE C9 1D 29 B2 29 34 CA 3D BE 16 69 48 43 A6 52 E8 8D D5 A0 04 E8 18 C2 4D 4F C8 52 68 07 19 30 F0 41 B5 0F B7 13 F0 0A B9 95 AE 12 15 95 12 C1 AE 32 27 DE CB 6A 36 BB 46 05 E5 81 D3 C7 68 DF 16 70 72 3F 90 FD E6 A5 F8 A7 04 77 28 27 B1 01 AC 2C 44 7D 44 5C 18 47 63 9B CB 24 BE 45 01 EE 29 29 A3 18 B1 01 51 FE 1A 01 81 69 B2 DE E9 76 50 C6 E2 D1 90 8D 77 AD 13 47 F2 D5 A6 01 28 A2 FA 9F 59 72 29 A9 7C 65 4D F7 3C 48 6B 3C 1E 7B 7E A2 96 51 68 B9 25 25 82 06 C1 EB 51 EA A6 7F 2A A6 12 31 92 40 D3 77 73 53 9D B6 29 97 D6 A8 4A 63 2D B9 00 77 6A A2 03 38 53 7A 49 24 36 01 5D 62 EC CE D8 31 C6 7E 99 C5 AE 9D 21 87 A2 A8 6F FE 4A BC AF AD 83 42 CA FD 9F AB 4B 3D 2D DE 58 99 11 44 84 FB ED 72 ED CB D5 48 90 49 5A E5 BD 15 CA 98 5A C5 F8 A0 91 66 DA 1F CF D2 11 3A BE C3 35 BD D6 0B 83 FB 29 61 01 52 E1 E1 B9 D0 BC 6D 10 59 97 E0 D6 1E 44 5B 6B AE 78 32 2B 58 39 E8 95 13 3B 35 67 5F 0E 6A 72 B5 54 ED F5 DC 52 D3 23 C2 ED 6A 23 40 8D EE 28 BC 1E A3 08 A7 5C F8 A6 17 15 18 6F 55 3E 4A 5B 03 37 F0 3E 35 2C A4 72 3D C6 19 D0 95 D3 56 88 01 E3 41 15 5D C7 C0 11 DB 6B 91 42 7D 92 26 3D 12 1A AB 7C 98 80 F0 09 FD F6 C2 68 91 28 EF 9D 23 AB 57 6F 84 64 76 6F 76 D0 38 52 42 4C DA 16 44 77 37 0A C4 EE 7C 32 8D 38 68 80 EF 5A 99 79 1D E7 84 FA 26 C3 06 1A C2 C8 C7 29 03 C8 72 12 E5 25 75 B5 50 CC 4C 6A BC 0E D3 77 83 9E 83 47 CF 0C AC 4A 83 DB F4 D7 40 90 A6 6F AB E4 78 06 E6 80 B3 80 CA 25 94 69 86 A5 F7 FF 6B CA 82 9A 9E F9 3F 73 07 DD EC 21 A0 15 AF 70 39 86 2D 4E B8 5D C7 16 39 6A F5 D3 31 75 78 6F CB E5 24 12 2F 5F F3 38 F7 5A 3C 67 DF 7A 5C 71 FA 47 08 00 28 00 37 00 2E 00 28 00 6E 00 75 00 53 00 75 00 53 00 61 00 55 00 5A 00 5A 00 6A 00 61 00 53 00 5D 00 67 00 5A 00 61 00 52 00 77 00 52 00 57 00 58 00 57 00 58 00 43 00 33 00 39 00 40 00 35 00 35 43 00 3B 00 37 3B 00 3B 00 43 00 31 32 00 34 00 32 00 32 32 00 37 00 38 00 34 34 00 23 00 1C 00 1A 22 4B 00 47 00 4C 00 41 3E 00 44 00 48 00 46 44 00 44 00 47 00 47 45 00 43 33 00 38 00 38 00 31 4D 00 14 00 2D 00 0E 0F 00 1F 00 17 00 17 1A 00 1F 00 1B 00 19 21 00 17 00 1D 00 15 0E 00 0C 00 14 00 13 16 00 13 00 11 00 1E 11 00 13 00 10 00 0D 0E 00 14 00 11 00 0F 14 00 0D 00 1C 15 00 14 00 1E 00 1C 12 00 14 00 18 00 18 15 00 12 00 15 00 17 1B 17 00 0A 00 13 00 22 19 00 19 00 1F 00 22 1F 00 21 00 20 00 28 2C 00 24 00 21 00 1F 1F 00 23 1F 00 25 00 25 00 26 1F 2A 00 1E 00 22 00 22 22 00 2A 00 2A 00 25 21 00 25 00 24 00 23 23 25 00 1F 00 24 00 27 28 00 23 00 1E 21 00 1E 00 26 00 20 29 00 29 00 29 00 29 21 23 00 23 0A 00 17 00 1E 00 1A 1D 00 20 00 25 00 27 1C 00 1B 00 18 00 16 1B 00 20 00 21 00 1B 17 19 00 17 00 26 1A 2D 00 30 00 14 00 0E 1C 00 0E 00 23 00 26 17 00 27 00 13 21 17 00 18 00 19 13 0D 00 13 00 1B 00 1F 0F 00 0F 00 0F 00 0F 0E 0E 00 0E 0E 23 13 00 19 00 15 00 16 0B 00 13 00 10 19 00 0A 00 1D 14 00 14 24 00 0F 0B 00 0D 00 18 26 2F 47 61 6D 65 2F 41 62 69 6C 69 74 69 65 73 2F 45 6D 6F 74 65 73 2F 47 41 42 5F 5F 47 65 6E 65 72 69 63 5F 54 72 61 6E 73 66 6F 72 6D 61 6F 6E 2F 50 6C 61 79 65 72 50 61 77 6E 73 2F 4D 65 6E 75 53 63 72 65 6E 5F 41 74 68 65 61 2F 53 70 72 61 79 6E 69 4D 61 69 6E 43 6F 6D 62 61 74 2F 4D 65 6C 65 65 2F 43 79 62 65 72 41 72 6D 6F 72 46 65 6D 61 6C 5F 50 69 63 6B 61 78 65 5F 48 61 72 76 65 73 74 69 6E 67 5F 6F 5F 43 4D 5F 4D 31 44 75 61 6C 57 69 65 6C 64 2F 41 6E 63 69 65 6E 74 47 6C 61 64 69 61 74 6F 72 5F 4D 43 6C 61 77 2F 43 6C 61 77 45 6D 62 65 72 62 65 72 73 46 69 73 74 73 2F 46 69 73 74 73 4B 6E 69 67 68 74 43 61 74 4E 69 74 72 6F 46 6C 6F 77 4F 72 64 65 72 47 75 61 72 64 2F 73 47 61 6C 69 6C 65 6F 5F 46 65 72 72 79 6F 6E 74 61 67 65 4F 6E 65 48 61 6E 64 65 64 2F 42 52 5F 73 77 6F 72 36 30 46 5F 4D 43 41 53 2F 43 41 53 45 74 68 65 72 65 61 6C 46 46 72 75 69 74 43 6B 65 73 79 74 68 65 2F 53 79 74 68 65 5F 54 77 6F 4C 61 6E 63 65 2F 4C 61 6E 63 4E 61 72 72 6F 77 47 72 69 70 2F 55 70 70 65 72 42 6F 64 79 2F 42 61 73 65 42 61 6C 6C 5F 42 61 74 62 42 53 74 61 66 66 2F 53 74 61 66 66 73 2F 46 72 6F 6E 74 65 6E 64 41 2F 32 68 61 6E 64 45 5F 5F 49 64 6C 65 53 77 69 6E 67 43 6F 73 6D 65 74 69 63 73 2F 43 68 61 72 61 63 74 65 72 50 61 72 74 73 2F 42 5F 50 72 65 76 69 65 77 44 69 73 70 6C 61 79 6D 6D 50 57 65 61 70 6F 6E 6F 6E 74 72 61 69 6C 53 6B 79 44 69 76 65 53 6B 79 64 69 76 65 5F 6D 69 78 5F 46 4D 49 74 65 6D 57 72 61 70 4C 6F 61 64 69 6E 67 4D 75 73 69 63 50 61 63 6B 73 2F 42 48 65 72 6F 65 73 68 6F 64 43 50 5F 5F 46 5F 46 61 6C 6C 62 61 63 6B 4D 6D 61 6E 64 6F 5F 46 5F 49 6E 6E 6F 76 73 42 61 63 6B 70 49 44 5F 52 6D 73 2F 43 54 72 61 69 6C 73 44 61 6E 63 49 44 5F 4D 6F 76 65 73 47 6C 69 64 65 72 5F 57 72 61 70 4C 53 44 65 66 61 75 6C 74 42 61 6E 6E 65 72 73 43 6F 6C 6F 72 43 61 74 65 67 6F 72 4D 61 70 49 63 6F 6E 4E 6F 46 65 41 63 63 65 73 6F 72 46 5F 4D 45 44 5F 50 6F 6E 79 74 61 69 6C 4D 65 64 69 75 6D 2F 48 65 61 64 4D 48 65 61 64 45 6D 70 74 79 41 76 67 5F 5F 5F 50 68 79 73 41 73 65 74 45 6E 76 69 72 6F 6E 6D 65 6E 74 2F 42 6C 75 65 70 72 69 6E 74 74 74 6C 65 50 61 73 73 43 75 72 72 65 6E 63 79 49 49 4F 6E 49 49 54 6F 47 6C 6F 62 61 6C 2F 54 65 78 74 75 72 2F 42 6C 61 6E 6B 73 70 61 72 65 6E 31 78 31 55 49 2F 46 6F 75 6E 64 49 6E 70 75 74 41 63 44 61 74 61 54 61 62 6C 65 63 2D 2D 2D 31 32 38 73 2F 46 4F 52 54 5F 42 61 73 69 63 5F 4D 61 72 6B 5F 49 49 49 44 5F 53 63 72 69 70 74 2F 46 6F 72 74 69 74 65 5F 43 5F 43 5F 43 30 30 33 5F 52 65 64 34 5F 42 6C 61 63 6B 33 31 5F 44 69 6E 6F 73 61 75 72 34 33 5F 50 7A 7A 61 35 31 5F 4D 65 72 6D 6E 33 5F 4A 61 69 6C 62 69 72 64 35 5F 50 53 42 75 72 6E 6F 75 35 37 5F 56 73 69 74 6F 72 38 44 61 72 6B 45 61 67 36 43 61 72 62 69 64 65 37 36 5F 53 68 61 72 38 30 74 72 65 65 74 52 61 63 62 72 61 38 31 5F 53 63 75 62 32 46 65 6D 33 4C 69 66 65 67 75 61 38 37 5F 45 78 65 72 63 69 73 65 39 57 68 69 74 65 39 30 5F 39 33 48 69 70 70 69 34 35 5F 52 61 76 6E 51 75 69 6C 6C 31 30 37 5F 47 61 72 61 67 65 42 61 6E 64 31 39 5F 56 6D 70 69 72 65 32 33 5F 44 4A 34 5F 53 63 61 72 65 63 72 6F 77 4D 35 34 36 5F 6C 4A 61 63 6B 65 74 73 37 4C 69 6C 4B 65 76 36 33 5F 49 63 65 69 6E 67 38 36 5F 47 69 6E 67 65 72 62 72 65 61 43 39 31 30 33 31 5F 52 65 74 72 6F 35 65 76 61 6C 39 46 5F 44 69 73 63 34 33 53 74 65 61 6C 74 68 34 63 69 50 6F 70 36 48 6F 6C 69 64 61 79 53 77 65 61 74 65 72 38 35 31 4D 45 6C 66 36 6B 69 47 69 72 37 32 4D 5F 53 63 6F 75 74 37 38 61 76 65 34 41 73 73 61 73 73 69 6E 39 52 69 64 39 35 31 30 42 75 6E 6E 79 37 50 61 6A 61 6D 61 31 35 4D 75 65 36 61 63 6B 39 46 6E 64 32 32 4D 65 74 61 6C 33 46 54 61 63 74 63 61 6C 57 6F 6F 64 6C 61 6E 64 39 44 65 31 57 61 72 70 61 69 6E 74 34 35 46 36 4D 42 61 73 6B 65 74 37 46 35 30 6F 63 63 65 72 47 75 6D 73 68 6F 65 39 44 61 72 36 35 4D 56 69 6B 69 6E 67 36 46 37 4D 5F 39 31 38 39 46 5F 42 6C 75 65 53 61 6D 75 72 61 69 32 30 36 42 6C 32 32 39 42 6F 34 35 75 72 72 62 75 72 67 50 6A 73 35 48 61 6C 6C 6F 77 65 65 6E 32 37 75 73 68 43 68 65 66 38 59 65 74 38 4E 65 38 4D 39 37 4D 61 33 31 65 72 69 79 61 6B 69 46 69 73 32 38 46 6E 6E 69 73 35 32 53 68 69 35 35 36 52 65 62 69 72 74 68 41 37 42 38 43 39 44 36 30 4D 41 31 42 32 43 33 41 5F 32 37 32 72 69 6D 65 33 5F 42 34 43 35 44 36 45 37 46 38 47 39 4D 38 30 4D 38 31 43 32 44 33 45 34 46 35 47 2E 2E 42 70 69 6E 41 70 70 6C 65 53 6F 75 72 53 69 6E 67 6C 65 44 6F 6E 75 74 50 6C 61 74 46 61 6E 6C 61 69 6C 48 6F 77 65 72 54 61 70 61 73 57 61 73 61 62 69 53 65 61 53 61 6C 53 74 61 66 66 55 73 65 72 46 61 63 69 6E 67 46 6C 61 67 73 2E 42 75 69 6C 74 49 6E 5F 43 2E 76 54 72 69 67 67 65 2E 52 65 6D 6F 76 65 44 69 73 67 75 69 65 2E 73 2E 4E 50 43 2E 53 6C 6F 6E 65 54 6D 46 6F 72 53 74 61 74 4F 62 6A 65 63 74 5F 53 65 61 73 6F 6E 57 69 6E 73 43 5F 43 43 75 65 2E 43 72 61 74 69 76 65 2E 50 6F 73 73 65 73 73 50 72 6F 70 47 72 61 6E 74 65 64 2E 44 69 73 68 46 52 65 6D 6F 4C 74 48 69 64 65 20 45 6C 65 20 30 31 32 33 34 35 36 37 38 39 31 30 32 33 34 35 36 37 38 39 73 4F 6E 6C 79 43 6F 6E 73 52 65 64 43 68 6C 48 54 5F 43 72 75 6E 63 68 56 65 72 74 5F 43 5F 43 4D 53 5F 43 54 6F 5F 43 6C 00 CC 96 98 D4 47 82 3B 96 5E 65 28 3C 21 CE 7D 8B F2 B0 A2 62 C4 0B 2E 44 64 09 3C 4B 5E C2 10 22 21 B0 42 CF 94 88 49 90 62 56 99 E1 05 DC D9 14 13 7E BD BC 55 A5 9E 14 E2 20 33 9A 39 E9 0E 92 FB FF 9C 0E 04 F5 7A EB 06 47 09 76 9C 91 2E 5D 8D DD 11 29 F5 8E 73 23 EA F1 7F 30 46 96 6D CB F7 92 51 62 93 D9 A3 5F 80 04 80 02 00 00 00 07 80 03 00 06 80 04 00 08 80 05 00 0C 80 B5 EA C0 A1 E4 12 9C 54 06 00 0B 00 00 80 07 00 00 00 01 00 00 80 08 00 00 00 05 00 00 80 09 00 00 00 03 00 00 80 0A 00 00 00 09 00 00 80 0B 00 00 00 02 00 00 80 0C 00 00 00 0A 51 E2 BB CC 04 08 76 FF FF FF FF FF FF FF FF E3 22 58 A5 6D 55 F8 70 0D FC B9 34 75 AE 70 78 3C CB 8A 60 E2 D4 31 70 09 45 93 13 3A 01 65 DE BD 2D 5F 46 F7 DE 0B 01 02 08 0C 0A 01 09 03 02 04 0B 0D 07 05 0E 01 0C 02 50 01 02 01 12 02 0C 01 02 02 01 02 01 07 01 03 03 04 01 04 01 03 01 00 03 F7 05 01 01 00 20 20 41 4E 59 28 20 20 29 00 38 2B 27 E8 00 05 00 03 FA 3B EA 00 28 E9 F9 03 3A ED 29 EB 39 EC F4 FF FF FF 37 00 5F 00 00 00 00 36 5E 34 5C 35 5D 15 0D 01 0F 10 11 12 13 14 15 17 16 06 18 19 1A 1B 1C 1D 1E 1F 20 00 21 32 00 F2 00 4D F1 4C 63 2D F4 08 2A 84 00 2B D1 2E 07 01 30 26 31 28 33 2D 2C 36 2F 38 FE FD FF FF FF FC FF FF FF FA FB 1E 51 BF 00 C0 C1 C2 87 89 88 A2 B4 B8 94 AB 9A 9B 97 A4 95 A0 8A 90 92 AF A9 A8 A7 A1 9F 96 9D B6 00 BB BC BD BE 8D 8E A6 A3 9E A5 9C B0 AA 93 B7 B9 B3 AE 91 B5 B1 BA 8B 8C 8F 98 AC AD B2 99 50 66 67 74 6B 68 78 69 83 81 77 76 79 7A 6E 6A 6C 72 73 75 6D 7E 7D 7C 7B 71 6F 70 82 80 7F F6 FF FF FF F5 FF FF FF 4A D3 42 22 21 54 00 22 55 48 39 23 56 43 25 26 5A 46 31 24 57 44 29 1E 59 00 20 30 01 1F 2F 17 FF 18 00 19 FD 1A FE 00 41 08 01 1B 52 00 1C 53 00 1D 5B 00 25 58 45 2E 3E 60 40 EE 3F 65 00 47 35 01 02 27 01 F3 FF FF FF F7 FF FF FF 49 37 4B F2 FF FF FF 0E C3 C4 C5 C6 C7 C8 C9 CA CB CC CD CE CF D0 F8 FF FF FF 00 FA 43 00 03 13 DA 08 F3 DE 0E 01 D9 11 F8 00 D6 10 86 E5 0A FB E1 06 D2 E0 13 33 01 D4 0F 85 00 DB 09 F5 DF 05 4F D5 15 64 E6 16 32 01 E2 0B 23 E4 0D 2C E3 14 24 DD 12 01 D8 04 F0 00 D7 07 EF DC 0C 2A 01 09 80 0B 09 02 03 E7 F6 01 01 02 00 01 57 2C 20 20 29 00 80 0B 09 0A 01 02 28 4C 4C 47 20 29 01 0C 01 2D 09 C0 06 01 29 61 00 3F 3D 00 62 00 3C 61 4E FC 00 00 00 00 00 00 00 00 00 00 00 00 00 00 00 00 06 8B 92 92 96 96 92 92 99 92 92 96 00 28 9D 8F 8F 8F 8F 99 8F 8F 8F 2B 8F 8F 8F 8F 8F 8F 9F 8F 9F 2D 8F 8F 8F 29 8F 8F 8F 8F 3B 8F A9 8F 8F 8F 29 8F 9D 9F 4F 29 23 78 8F 8F 2F 8F 99 2D 21 28 8F 8F 2D 29 2D 29 2F 5F 99 9B C9 99 8F 9D 2D 2B 3B 8D 87 87 87 2F 87 79 F8 D0 87 94 7A 8F 87 8E 8F 7A 35 28 78 62 3C 87 87 87 7F 98 87 87 26 8B 7C F8 F8 87 87 87 7D 90 49 78 98 79 F8 F8 D0 87 7A F0 F0 F8 F8 78 F0 A8 78 F8 F8 F8 F8 C8 78 F8 F8 F8 F8 C0 25 7C F8 F8 F8 F8 C8 87 7C F8 F8 F8 F0 87 52 58 28 78 F8 F8 D0 87 52 78 F8 F8 F8 D8 87 2C 20 51 78 F8 F8 F8 A8 87 76 78 A0 7E F8 F8 87 87 23 28 38 7D F8 F8 D0 7F F0 78 F8 F8 E0 87 49 78 E8 F9 F8 F8 E0 8E 52 40 30 78 F8 F8 E0 87 7D F8 F8 F8 F8 BB 87 7B 78 F8 F8 E0 87 87 87 87 2D 99 69 78 F8 F8 F8 98 87 7C F8 F8 98 38 87 23 91 3E 91 39 7D F8 F8 F8 F8 C0 7D F0 F0 F0 30 48 50 78 78 F8 F8 F8 E8 68 38 87 87 87 6E 87 7F E0 41 7A F8 F8 7E F8 E8 27 47 78 F8 F8 90 3F 7E F8 F8 B8 F1 C0 40 38 78 F8 B8 87 21 40 78 F8 B8 37 20 68 78 F8 B8 87 22 48 78 F8 B8 38 3B 78 F0 C0 40 38 78 E0 25 22 22 3A 21 87 7C F8 F8 A0 F9 F8 F8 28 20 87 26 28 60 28 59 35 24 79 E8 50 7B F0 78 A0 7E F8 B0 24 2B 7D F0 46 79 F8 78 7C F0 78 B8 7A F0 C0 50 58 78 F8 78 3F 78 F0 C0 40 68 3F 87 25 78 C8 7B D0 78 B0 7C 60 68 60 42 78 F0 98 91 8D 3B 55 87 7A F0 98 38 87 2C 20 60 78 F8 90 79 60 9C 25 78 40 38 20 24 28 39 8F 7A F0 F0 A0 30 78 87 54 87 2B 40 38 58 78 F8 F8 C0 87 79 F8 F8 F8 90 87 7A F8 F8 F8 38 79 F8 F8 F8 28 22 78 F0 F0 F0 68 78 F0 F0 F8 50 79 F8 F8 F8 40 79 F8 F8 F8 30 78 F8 F8 F8 90 7A F0 F0 F0 A8 28 68 87 56 8F 28 8D B3 87 31 4D 38 22 87 7A A0 50 20 20 21 21 21 34 30 2F 38 68 7D C8 48 38 87 42 79 21 87 8C 23 78 F8 F8 30 40 30 48 78 F0 7A 40 78 40 78 60 78 78 78 60 78 58 78 F8 7A 48 78 68 78 B0 70 60 78 A8 78 90 7A B8 78 A0 78 90 78 F8 78 40 20 37 30 5F 87 2C 8C 2B 8F 31 87 23 30 87 33 8C 35 89 3F 91 2F 28 37 92 87 21 4B 5F B1 4B 89 5F 87 54 61 5D 7B 50 8A 5D B1 68 8D 56 87 DF 8C 5D 43 32 87 4D 51 58 2B 87 61 89 2E 8E 2B 87 3E 40 78 A0 78 F8 A0 29 39 48 38 FA C0 FA 98 36 F9 A0 20 34 F9 90 36 7A A0 37 F9 A8 35 F9 A0 87 37 F9 D8 58 28 F2 98 C1 2B F1 38 35 FA 90 AF F1 B0 28 28 79 B8 23 30 F9 A0 87 29 F9 A8 3B FA A0 20 38 7A A8 35 F9 A0 26 30 FA 90 51 32 F9 E8 33 F1 98 99 32 FA A0 35 F1 98 E1 78 A8 8C 87 34 F9 A0 32 79 B0 87 31 F9 A0 40 30 F1 98 F9 F9 90 39 26 30 F9 90 F9 B8 FA A8 2D 30 78 A8 37 F9 D8 33 FA 90 29 36 F9 90 51 28 F9 98 FA 79 E8 7A A8 78 30 F9 98 87 A6 FB A0 3A F3 A0 28 22 28 FA A8 97 2B F9 A8 87 4A 7A B0 8B 34 79 A0 33 F1 30 2A 30 F9 90 31 38 FA A0 32 7A B0 87 33 F2 98 99 2C FA A0 33 FB A0 3F 31 F1 F0 A8 B1 F1 F0 A8 B1 F1 F0 A8 A9 FA 90 F9 B1 F1 F0 A8 B1 F1 F0 A8 B1 F1 F0 50 7D A8 44 F9 C8 42 F1 D8 C1 F1 D8 C1 F1 D8 C1 F1 D8 C1 F1 D8 C1 F9 90 69 F2 98 F9 F2 58 C1 F9 D0 C1 F1 D8 C1 F1 D8 C1 F9 D0 51 78 C0 78 F8 48 B9 22 7B A0 50 78 98 28 87 7A 98 50 48 78 E8 7E C0 87 7A A0 78 E0 30 78 98 7B A8 7C 98 38 28 78 98 48 78 98 21 87 7A E0 7E 98 48 78 98 28 78 98 50 78 98 7E A0 D5 87 87 87 2A 78 D0 78 D0 78 D8 78 F8 98 78 E0 78 A0 78 A0 7A F8 F8 78 F8 F8 98 78 A8 70 78 E8 70 78 F8 A8 28 21 29 8E 87 8E 29 40 49 78 F8 C8 40 87 74 21 79 C8 4B 87 87 7F D0 78 D8 78 C0 78 C8 78 D0 78 98 79 F8 90 7A 20 78 F0 C0 28 20 8E 87 87 6B 20 78 87 31 68 78 25 30 78 D8 F4 98 91 21 68 87 21 73 F1 F1 F1 F1 F1 F1 F1 E9 70 EA 69 E9 E9 E9 E9 E9 E9 A1 38 87 2A 25 87 27 70 7A D0 78 B0 78 38 58 78 90 7B 48 68 78 D0 50 78 F0 70 38 68 78 A8 78 A8 79 7A B0 78 F8 B0 78 72 68 70 50 60 3A 20 20 40 48 29 78 C8 38 00 38 21 91 96 92 92 92 92 92 92 87 93 87 87 87 87 87 87 87 21 87 87 81 01 87 87 87 35 32 B2 40 40 40 40 87 42 58 79 79 48 E1 E1 E1 E1 E1 E1 E1 E1 E1 E1 E1 49 87 8E 4D 79 98 59 B9 D9 9D BB 29 9C 7E C0 3C 79 39 7A 5C 39 99 B9 B9 41 38 B9 99 B9 D9 B9 59 B9 D9 9D 99 B9 BD D9 B9 D9 B9 D9 99 3A 38 B9 B9 B9 B9 B9 B9 B9 B9 99 99 B9 B9 B9 B9 B9 B9 B9 B9 99 99 B9 B2 B9 99 B9 59 B9 D9 B9 D9 99 39 99 B9 B9 59 B9 D2 B9 D9 B9 D9 B9 D9 B9 D9 B9 D1 28 99 87 9A 99 39 B9 99 79 F9 A0 F9 A0 F9 A0 F9 A0 F9 A0 F9 A0 F9 A0 F9 A0 F9 A0 F9 A0 F9 A0 F9 A0 F9 A0 F9 A0 F9 A0 F9 A0 F9 A0 F9 A0 F9 A0 F9 A0 F9 A0 F9 A0 F9

Replace:

8C 06 00 1A 74 80 1A 72 00 00 00 00 AA 37 00 00 40 49 DC 11 AA 48 08 08 20 AB FF 26 5B E7 F9 F9 6D 55 56 AD 7E DF D7 7B 34 BF EF ED FF DC 30 AA 32 39 1D 9F AD D4 FE BB FE 4F EF 7F 7B 5B E9 5B 6A B5 5A AB 55 55 51 AA AA A3 6A 86 09 00 29 03 63 87 2F 36 8F 80 05 1E 05 27 6F 95 40 D2 3B 6E F5 5F 0E BB 2C 07 EE 9F 75 7D 6A B7 38 0E 8D 52 29 EE CD 4A 2F C9 88 FB B8 58 B3 33 F5 A0 75 66 4D 5A 37 AB FD 45 76 4B 72 6E AA E9 C1 0D B7 7C 3A 8B 9B 46 80 F3 B2 9D 91 73 F1 75 57 FC EB 84 0B 1E B4 05 1A 82 34 33 36 C6 96 E1 FE 17 E3 1B D7 A7 3C 72 84 C3 FE 45 49 02 7C 56 8D CB 5C 69 78 B3 83 EC 11 49 F7 FA 94 6E 9E A5 C0 DF 9D 1E 33 4C 74 77 FA 78 B1 8F 5B D8 AF BD E1 C6 DA FD EB 6A CD 7D DA 17 F0 A3 0A 36 CF 79 3C E1 4E D0 DC 07 78 13 EA 92 2E 92 3B C7 04 E6 5D 8E 76 B3 96 8D 1A 88 4F 71 73 A9 7F 76 56 E2 72 2F F6 BF 16 EF 99 7F 8A 6B 53 7F 43 0F A3 66 EE 58 68 58 30 7E C9 F2 1D BB C2 8F CF 6C 4E 64 B7 4F F2 26 22 5E 4B 2E CD B4 91 EE 3B C2 4C EB 78 F1 34 7F 1A 5D 7F F5 0B 58 AB E3 1D EB 53 A3 B8 49 5F 3C 36 AE 89 3F 92 0B D3 A5 FE 86 4C 9B CC B1 3D C9 0F D2 1A FA 27 8C 77 4D 7D AA ED F0 3C 16 FF 7E 42 AA 59 58 A9 26 2D 22 28 60 6F C5 61 ED 9C 33 A3 73 3A 63 96 89 73 F1 A6 4A F9 A6 BF 99 2B B9 F2 D8 09 9C 84 71 FE 51 6B CA 8F 66 AF CE CE B6 6F 31 57 FE BC 56 78 7A 8E 25 E9 F0 68 E5 9F CD D5 CE 5E 3B DE A5 AF 8E E0 0C 95 07 7F E1 E1 F2 1F 65 BE 9D 47 F3 AF 3D 10 9D D1 DA CD A1 83 6D AF FF 16 C9 51 C4 86 B5 4D 2F 3B 64 BD F5 E8 F1 67 7D 75 3D A5 65 FB 9F 48 13 F5 BB C3 9B AE 1A 78 D3 7C 22 4A 26 54 45 70 D7 AC F3 1A 73 7E 6B C2 E0 31 93 C7 78 4A 6C 7E 0F 47 8C 5F B2 4F BF 70 76 4D 45 89 72 7F C3 DB 0E 91 BA B4 BA 60 15 FF D5 B7 0D B7 26 16 49 1F BF CA 8F FC 15 B1 DC DB 7E 20 33 F3 8C 6A CC F4 3D 2F FD CB 6C D2 56 D9 DF 6C 7E 31 F2 FD 47 3C F4 79 E2 5C E2 C6 5C F7 A9 AE 0F 23 E6 DA 16 6A 96 F2 76 5D E8 79 E0 5C D7 DA 92 9A 7F A4 54 E7 55 BD CF 7E EA 8D C0 F2 C9 A3 03 8E 59 6D 9F 1E 97 9A FC D3 C6 FD ED 52 97 77 E7 45 D5 BF 47 74 77 AF F2 FA 76 F1 85 45 7C 52 E6 84 C8 C8 5E A1 43 7D CE C7 AC 3F 6A 96 DD DF D5 97 5F BA 76 E6 C3 D4 D0 25 C3 54 49 3B 5E 2D E3 F3 83 14 96 E8 EF 9E 46 53 4F 97 E2 CF 73 D7 F9 EF D9 B2 A6 ED 9E 4C 15 CD BB F7 A3 F2 B2 E5 83 2D C8 F8 FB 83 F7 C1 92 FD 79 A7 E7 67 3A 57 BE F9 98 1F 58 34 D5 AE 22 21 68 EF EC D7 87 C7 0D EE 8A 5E 14 5A 60 76 49 7B 7F DF C4 F0 ED 15 AF B6 2A 1D AF BE AE 9D BF AC E0 FF D5 67 AF 06 6C 78 FD 21 D3 F3 31 3B 61 CB 9E 9B 75 AF E4 31 67 4B 7E 86 88 93 BA 2E CD 5F 10 61 B9 28 99 38 7F E0 F2 24 DD B1 B8 5A FC 4C 75 E4 F2 73 A2 71 15 8D A1 27 CF C7 66 9C 3C F7 36 40 B8 43 BD EF 7B DA B0 A5 9C 77 65 35 A7 39 F6 83 AD 61 9E 78 75 DE C9 C4 73 AB 59 A1 15 8B 13 E6 39 B7 58 8D BC 59 3C 75 FD 11 25 29 41 29 F1 70 EE ED E9 98 AC D9 BD 2B 65 2E CB CB A3 92 66 7B 5F AB 18 DB 98 EC EC A1 B2 3B FB 74 D2 C6 B8 BA 95 B3 FF ED D5 A6 4D F9 FB F4 D2 34 97 09 73 B9 FF 74 56 6D 97 8E 7D E5 72 7C AD 78 C7 7F 39 B3 6E 2B 05 EB 9A 6A 7E 1C 95 A5 3D 37 17 9C 57 FE 98 9B 75 2A 0E 25 5F D4 E4 7E FC CF B2 86 C3 CA 8A 0A F0 18 C6 E6 37 A6 97 CF 4E 76 0D 2B DA 3D 6B F1 1D CF F2 53 BD 3A 8F 73 3A F2 62 F8 CD 0B DB FC 0E 31 31 B9 F2 AF D1 0B 6D 0A FF 1B 08 CB 9B 6E F6 6A 43 54 FF 89 84 CE B4 BD AD 43 FF DB 6E AE B5 F8 5F 63 C0 E2 39 3B AE 6C 5C 99 F7 C7 4A CF FA 03 45 A3 D7 DF EB 5B FF B2 F6 CE FF CF FB FF AA A9 7A FE F1 CE D0 AE 08 F5 E5 C5 3D 9D E9 EB 73 A6 7E 34 94 14 12 3E AF B3 B3 E9 BA C6 4F AC AA A7 7B CA 57 2E 99 74 2B AE 74 94 AD 5C DD 1D D6 35 EB 5E F1 B5 23 3D 07 63 92 12 BF 17 2C C7 09 3F 4B 87 71 41 F2 F7 C9 5E DF 9B D6 5F 5C 75 F5 A6 85 E7 32 C7 9E 95 EE 3A 5F 97 B7 45 5B 15 01 09 56 63 A7 E4 EA B7 CE 5A E6 5E 74 B0 F5 4E F7 E9 A4 67 98 85 C3 26 AB DA EB A2 F4 8D 1E 53 0E 65 89 53 4D 57 4D 9C EA 70 89 D8 70 CA 66 5F E2 D9 07 AE D7 4E 3C 8B 5A 93 10 70 E1 51 D5 97 94 63 51 2D 67 8E FC 34 4F 71 9E 53 50 B7 DB 69 63 E8 CE F6 9E FD C1 6E F5 21 6B 47 7B 35 B8 64 AE E3 AF F8 72 7E 05 75 6C 6A 28 7B C1 98 BA C8 F4 79 5D 9B 3F CD FC 74 5C 3C F9 0F CF 35 FC EF 49 FF 44 ED AA F4 99 19 7D 22 7F EB D8 13 58 5C 89 B4 35 FC 71 03 7D 25 6C 7F 3A 8A FC 53 B8 79 D4 E4 73 43 3E A6 A5 39 B3 20 24 3C F4 58 65 70 B0 52 6B D3 D2 74 DE A3 21 29 EB F0 5E 4B 2F B7 35 23 7B 52 23 C8 78 8B D6 AE A4 49 0D 1F 97 95 78 F7 0C 5F F9 76 C4 B1 B2 DA 91 31 E6 AF 5D 9B 3A B3 1F 9F BE 9E 6B E3 24 18 8A D7 2F FD 97 F5 28 A8 F5 90 DA 6A 94 6B 5B 1E 6F C1 C4 A4 78 FD 87 BD CE 9D D1 2C F3 6C 71 52 E9 9B B2 3A A7 EE BE 69 B7 E4 7B 62 BE 32 B9 DB 27 BC 1A B6 64 D5 F0 25 7E DA 99 09 65 69 82 DD 9C 27 79 51 1E 61 BC B0 7F 46 BC 70 FC C6 74 89 3B 73 EE FD 27 D6 9C E7 B9 6D 32 4E F4 FB B0 69 47 B0 F5 87 9C B5 8D 19 33 8A 1B CA A6 DD 2A 4E 19 EB EC C9 C9 5A 7B 1B FD 8A 55 DD E6 E5 9F DB F2 CF CF 3D 5E B3 D3 12 82 1F 2D AA F3 7A A2 96 56 D9 DC 2D FB 1A 33 B3 F8 4A 83 B5 6D 4C 7A CA FC 07 36 85 3C BD CD 3F 21 DB 8B 56 6F 1E 10 7E C2 9D 2F 3D 25 0B 97 7E 2D DC 1F 72 76 49 78 50 C1 CD 9E 93 4A F1 CF A6 E0 75 27 0F 58 AA 13 6E FD 56 93 F7 8F F1 CE 28 FF 5B D3 BC EF FE ED 9F D1 F2 FC 5D 99 67 7A 72 D1 EF 35 8E AD CC C5 8B DB 0B B3 88 4D 51 9F 5F 8A 45 DE 39 DB 73 04 D5 A6 CC 91 D8 D8 13 EF 39 4D CF A6 88 7C 6C FD 13 F6 EF 6C EB AF 58 94 1E 6F E9 A1 AA F7 06 05 CD 7F 8F FB 23 E6 58 60 DD 49 EF 7B 5F 07 64 B1 E4 C3 F2 58 70 77 19 AF 53 CF 17 B3 A7 C2 C1 59 0D D0 E2 FC F3 B3 13 9B 9D 7F 67 8A 67 A1 8B 9D D9 62 FB A2 F3 D2 2A B1 9F 9A 2E EF DD 25 AE 2E 10 F2 3D F9 8A 2C F7 56 71 E7 F6 9F B7 DF 3F 82 E1 E2 7B FE E2 BD D8 3A DC D5 07 CF 5A 5A 6E C8 72 F9 8D B7 04 4F 5D 71 56 B9 97 54 1F D7 A9 CC 50 23 CD 7D 73 79 1F 67 50 CB BD 87 5C EB 0E 63 94 D3 EC 07 B9 ED F0 56 19 84 84 7F EE 66 0E 05 36 C5 A2 6F AB BB 70 FB A5 04 08 5C 6F CB B1 E6 34 F7 2F 98 57 6D 96 D4 B3 6E A2 D9 FE B9 0C A5 3D CE BF 27 23 84 33 27 97 FB FE F7 F8 4F AD E6 73 64 93 E1 88 DF 77 23 45 A1 7A 72 A0 3F 35 5B 34 75 7B F1 2B FD 15 16 35 DB 36 CE 52 C3 C3 A9 28 CE 1F BC 53 5C 9D 2B 36 23 16 95 45 8A E5 03 76 75 D5 FB 79 CB 3F DB 7F 67 3B 1F E3 7D 8E AB F9 9B F3 41 46 61 FB 37 BF 7A 58 8F B8 19 64 98 85 37 83 58 AB 19 4B B8 D9 70 EB 6A F7 D4 B0 B8 72 4E 21 77 8E C1 C4 AF A0 BC A3 6E 8C B1 4B 55 11 5D 9C F9 E3 A4 26 35 DF FF 0E 07 DE 6B AE 16 7F 99 9C B1 95 15 6A 62 FA 78 6C 47 B4 F7 BF 9C 1F B9 95 CF 19 CE B3 CC EE B3 34 74 5E 92 37 3C F7 3D AC 84 0F E3 FD 5B AB F3 8E 6F 0D D5 D4 76 7B 3D 1B AC 71 6C E6 97 AF E5 BF 43 9B 31 84 FD 3D 13 4F E2 A4 CE 62 2C C4 B2 CF D3 E3 63 8A 6E 64 60 41 60 E8 BE 29 3C 01 05 14 AA AB AD 71 55 B0 0E BD 97 66 16 3D 8B B3 6B 59 4F 8A 96 CE FF CE 8E 7D B4 AD E7 76 9E 9B 12 16 09 F9 F5 BE C8 E7 36 FF E3 94 E0 1C EF BA 4E 34 95 2E C1 88 CE FF D3 81 A2 E9 66 71 4C 3D FF 38 B6 66 DA E4 CB 58 1E AD 34 0F 1D 7A AB 61 6E 6C 6F A6 FB 8F 74 BB F5 B7 F9 5A C6 E6 C4 F5 5F 1E F8 45 B7 2F 67 B1 3D D2 CC A0 B6 E2 E3 B2 3A 91 F8 11 59 2C 8F 47 E3 4D A4 86 C9 F0 8E 03 F1 FD 34 BD DB DE 8F BB 0E B9 B6 6D 96 CE 6A D3 6E F1 20 A5 3F DE C2 27 3A 7B 29 6F 7E FB 2B E5 1F 97 04 A8 D9 F4 64 6F C6 30 39 8E 37 12 7B 91 BD D6 E0 54 79 F0 C9 2A B2 7B 5A 8C 9F A6 3F 2E D9 A0 D2 AF FD 26 2A 9E 6E 3F A2 2C 3A B8 73 7B C9 EF D6 1F AC E5 E4 6E F3 5D B6 E3 E2 71 FA 66 7C 15 15 1F CF 14 65 87 1D F2 FD 3B FB FD 87 39 E5 FA 2B BE 55 23 6F 77 D1 E8 DB 27 DE 8F AD 07 BA 94 B0 35 BA 0E 96 6A F3 4A E3 3F 5D 59 BF 1B F4 73 7F 7F 7A ED 4C AB 8D B1 9C 36 36 3B 1F DD F8 84 56 41 F2 67 F8 7E BF F7 27 E7 2E 2E ED A2 0A BA CC DD CC 2B D4 A8 57 2F A8 9D 2E E3 55 D9 D5 6B B0 B8 8A B8 C2 F6 F6 5A 9E 9C F7 BA 53 E2 9E F0 3C F7 62 73 6E D6 65 79 9C 47 4A 6D 2F 3D 12 16 63 39 D1 92 39 65 A7 4A CB DB 6C D5 C6 3D B2 A7 72 3A D9 37 D9 66 F2 5D C5 64 C8 90 E0 77 B8 8E AF 50 5C 41 88 87 63 CE C7 B9 7C 3A 91 C2 80 A6 02 4E 5E 36 83 7D FD CC 13 E5 B7 D6 EE F2 67 79 EF 46 4D B7 4B BC EE BB 71 69 F4 82 65 DF CC AB B6 A5 7A F8 8A 26 5D FE 63 70 FE C5 B4 AD B7 AD 6F 7C B4 CE 9C B8 77 E7 83 D0 B2 C3 A3 51 35 EA 98 86 66 A2 06 A4 C0 11 52 22 36 42 A8 17 61 C8 12 99 03 22 5A 50 13 6A 27 90 0E A9 90 42 8F 28 0A 28 40 3A 36 42 16 88 A6 70 C4 22 10 1F 71 18 15 07 E9 D0 A0 04 31 26 22 AA 0B 31 8C 0A 21 DF 99 93 66 25 4A B7 CC 99 D4 EF ED 2A E2 89 74 02 16 0A 2A E2 D1 CA 36 02 EF 46 C8 64 70 A8 52 4B 13 EE 7E 10 F2 C3 8C 6B D5 D7 5D 26 D0 30 1E 6A 83 74 C8 88 71 DD F4 7C FD 3B 6F 9E 01 68 84 30 46 D6 C2 98 B3 03 39 4C 80 72 30 40 E8 62 E4 0A 8D 98 92 FA EE 4C 28 D9 7A 9D 01 58 A4 90 4F BC 96 F9 D9 79 F0 C5 4E BD C0 02 19 0E 16 14 A6 33 67 87 13 18 EE 8C 54 42 B9 39 C3 60 4A 64 54 9A 90 EA BA 60 B6 5E 8C FB B2 95 26 52 BD 35 C1 E8 95 C0 43 7D 1F 00 13 DB B1 07 34 2F 7E B6 8F F7 33 AB F1 63 F3 29 13 8F 4E 73 BE 7B 89 4E 14 8A 70 4C C8 C1 D0 20 69 64 FC D0 0F 16 26 21 81 AB 33 01 B1 50 86 53 62 D0 E3 14 72 31 60 40 AA 09 44 34 F1 B4 6A 0D 32 88 68 8C 06 E4 02 34 45 62 B4 9D 81 C5 EB C5 86 5C 41 60 04 19 46 E1 18 CE 25 F5 B8 93 99 96 85 53 0E 98 1E 08 DC 4C C2 E6 12 94 42 0F 7A DA C8 51 52 23 00 60 A4 B6 1F 88 80 E1 04 F0 2B ED 11 20 C0 4D 69 19 50 12 06 47 6D 00 1C 00 23 63 07 00 60 04 80 97 6C 3E 88 45 76 42 43 80 50 8D 44 02 E3 C8 4E 25 92 F1 8C 4A 19 9F AE E2 08 5A 1C 94 9F 5C 7B 0A 11 43 4D EB 25 E4 18 E3 47 E9 31 20 F8 0C 08 A9 BB 00 40 BB B3 49 12 67 CC FD EA FD FC DA 58 FE 92 F8 3E 69 A4 C7 A1 BB F9 7D DB 9C 4F 9E BC F0 F7 87 AF A7 2A 9C DC C3 F6 B9 2A EA 16 2F E9 1A 6A 7D 0C 0C F4 D6 7D 9F 47 80 5E F3 92 7B 2F F0 AF 85 BF 7B A6 EF AE D8 A4 33 1F 2C 9C 2E 04 9A E4 D0 02 90 00 86 70 1A 67 A1 49 1E 2F DC 7F 0C 10 62 5C 15 41 B7 3C 04 60 00 00 DE 32 A7 32 70 0C D3 63 B4 2B 94 D8 34 82 9C 4D 92 1C 7D F0 A0 80 ED DB 66 AE 07 07 30 DA 30 2A B6 8E A1 E9 5A 26 A2 19 A0 1F 37 92 0D BA 86 EF FC 28 86 5B E3 BE B4 E8 31 13 32 DA 13 00 40 31 D9 DC 00 4A 86 A4 44 2A 66 EB 22 8B 72 35 C6 A1 15 0C 8B C7 EA 02 78 08 4A EC 6D B8 CB 34 02 21 6B EF DB 96 59 DD 72 E7 A4 B9 15 DE 64 F2 22 77 D9 DF 0F B9 32 99 E5 72 BC BE 27 B0 E9 C7 F8 6D 6E A9 43 8E AB A6 5C B7 4E 5A 6F 17 E0 6D FD EB FF 0B 7D 7B BD 62 13 07 22 D3 9D D0 4F 14 AB 41 6C D4 86 30 B6 1A 91 A8 03 C7 50 3B C9 47 06 84 40 86 06 50 37 EA C4 10 66 E4 22 24 E7 82 19 C2 75 5C C4 2D 44 04 42 38 85 68 0C 18 44 B0 11 46 13 08 A9 09 52 D5 87 FA 19 86 C1 B5 9C 15 76 89 09 3B 66 AF 19 B3 DC C1 DC 4F E5 06 06 05 E3 E4 23 17 22 4A 33 68 26 64 94 2A BA CC 88 F8 C1 CC 90 4C E1 25 31 35 41 DD 5C 37 AA 83 71 37 08 44 A4 0D 29 68 64 C4 51 AC 16 7A 80 2F 51 72 BE B6 A8 F9 26 C1 64 05 43 D4 7A B7 4F 76 FF 46 49 69 6F 91 35 D7 96 CB D1 9A E1 5A 49 1B 97 8F 79 69 BA 1D AC 1A 40 A6 A5 BA 8D 28 DC C0 58 AB 2C 61 E0 AB 09 A5 D3 F2 D9 8C 5E 0E 46 11 4B 2A 66 EB B4 4D 80 30 2D 52 90 04 67 00 68 73 0A 68 13 76 BF 22 B2 8B CD E0 12 EB E6 91 2F B1 A6 BE D1 6A 95 5A C0 46 14 12 E8 7E 51 15 ED 04 06 08 89 2C 41 28 A0 91 D6 80 29 C4 66 88 65 42 48 95 03 88 C4 34 38 3E 80 E4 BE 98 9B 7C 48 0F 6A 01 6B 80 C7 05 24 C7 10 A6 B7 52 33 78 AB 6F 27 66 44 88 47 B4 20 85 96 08 D0 9B D2 8E 04 25 E4 0B 68 D0 12 2A 0C 40 C2 EF 57 49 71 8C CF E8 E5 8C 6E 88 45 03 07 93 D3 04 1B 9C F4 38 58 03 45 A0 1E 11 F8 F0 91 33 67 48 AF A7 08 B1 91 D0 0F 91 06 C2 0D 40 0B 20 44 00 00 00 00 C0 98 82 28 D8 6C A4 06 53 A9 C0 59 27 36 B0 44 06 1C 81 80 18 64 71 FA A8 16 CA 4D 86 82 D9 4E 6D 2D 64 0B B8 0A 4C DC 65 7E 01 54 2B 70 E0 15 F7 1E EA 03 00 4B 03 D9 E2 3C 30 E8 6F 4B 71 E8 E1 AF CC 4E A5 5F DD 5B B4 FB CA 02 FE 60 97 EC F2 A5 5F 5D 53 79 43 8D 78 5E C9 13 79 EC D6 23 56 A3 FE B2 27 00 7B 70 E5 22 03 34 70 DB 08 E3 14 AD CB E6 6D 2B 16 FA 7A BD DB 79 B3 39 BE 19 08 2E 46 C2 5C 10 82 0A 00 34 E0 B4 F0 35 AF AD 57 42 7F 62 96 D3 00 00 18 06 40 32 4C AB 67 34 00 0B 9F C1 BC 01 86 90 89 7A ED 19 AD C3 E8 7A E5 30 2B 3B DE 80 A6 EB 96 56 AE 01 0C 63 34 12 0D B3 0E C0 CA 40 D0 3A 9A A9 BE 3A A2 DE C5 CB 69 15 FD 15 98 48 28 01 00 D0 91 F4 18 13 DC 68 4A 31 30 8F A4 C4 40 61 0C 69 60 98 B1 02 1C 7C 7E 02 3D 91 A6 C6 AF 60 10 42 42 10 A1 0A 24 58 17 39 9C 58 34 05 2B 38 64 9A E9 E7 20 66 34 21 C5 05 76 B3 B9 39 81 8F 57 F4 20 00 00 26 E0 B3 2E F4 37 10 DB A3 68 A0 3F F2 AB E6 31 A4 2E 03 60 08 BD 44 C3 00 C6 60 53 8D 31 22 31 60 6B D8 45 DA 05 33 EA 0B 0F 43 18 04 A2 B1 26 00 97 18 C7 8C 47 60 97 06 F6 ED 99 80 03 60 00 22 06 5A 09 A0 64 63 7E ED A7 8E D9 CB 00 08 C0 03 0C 46 60 99 83 2D 5C 51 74 7D 6B 25 1D DD 2B 72 E7 AF A1 BA FC 37 B1 A4 53 10 D8 06 8C 49 5B C4 0E 03 6E B8 B9 CB 37 1F 61 7B 70 DE CB CE 1C FE 6B 6D AF E4 69 24 9D D1 E3 F7 7E DF 0E 1B C3 8A A3 32 B2 A3 D3 B4 C5 94 51 F9 4F EE 4F 0D 4C 75 C3 7E 00 00 E8 25 75 49 F0 C7 DE 17 EA 23 B5 39 08 70 83 E1 BC 74 04 CD 43 10 E3 F2 18 38 C3 74 61 0C EE E1 64 72 C5 35 68 AA 08 10 31 88 29 90 67 7F 8E 00 00 E1 C0 00 F5 FB F0 02 30 00 62 D3 8E 16 71 27 CD 51 8C 85 73 61 C5 38 67 17 AF A4 62 30 01 2D 89 07 03 99 66 CA 48 0D E8 38 D0 04 F8 84 03 11 94 00 94 4C 1C C8 24 00 4C 21 D0 20 E6 AE 19 7F 0A 90 47 80 0A 81 F9 4D 9C 7A 40 6C 51 BA 60 26 08 0A 6A 60 11 83 85 C8 30 34 44 6A 42 46 D5 C6 CD 81 02 86 5A 6C 00 7E 02 D5 80 8D 91 9E 6C B6 05 18 08 48 79 72 34 6D 50 2A 20 86 9F BF 67 D7 7F AD 68 EE 46 10 DA 30 21 27 41 0B D8 81 E4 2D 53 44 B3 D6 94 2F CD E7 9E 98 0C 63 CD 36 1C D9 21 2A FA 70 B7 F1 37 C9 16 3E 83 18 85 72 96 12 37 BB 85 09 71 9D AB 3C F0 09 6C F9 CC 80 5E A2 B8 39 9B 7A EC F1 D6 AF D0 E0 DE 3F 71 62 93 62 82 0E AC 1D 34 9D 26 C5 81 C8 85 8A 59 59 34 0F 26 CD 89 40 F9 CB 8A 71 B3 D1 68 92 80 03 01 FC 38 29 B9 60 86 81 5C 58 4A 0C 17 C9 47 02 43 69 54 8D 08 E9 94 AD 88 90 3A B3 9A 91 2A 99 A6 21 52 11 09 CB 04 96 9F D3 3C 41 9F 1E 14 D9 8D 17 6B 40 DF 58 D4 DE 71 39 33 5E 8D 45 8F 05 91 C9 1B A8 44 97 0D 30 DF 57 45 6A F9 A3 A0 48 30 C0 32 12 0E 2C F9 AC 08 E2 57 C4 48 B1 02 91 20 88 51 07 10 8C D4 46 A2 D8 C4 19 AC 80 48 BD 47 2D 82 20 C4 7C 61 08 DD 47 EA 16 68 1D D1 43 4F 9E 1A E7 E2 DB 59 3F A5 EE 1E 87 40 CD 27 19 8E 61 9F F1 5D B9 D9 98 6E F2 41 94 68 42 8B 6A 23 DD D2 6D 6A 6C F6 33 1B FE 76 83 CD F5 7D AD FB 8D 64 CF EA 37 3E C2 42 5F 40 13 18 03 AA 54 95 48 62 A8 A9 54 9F 70 3A 15 69 54 56 5F 0D 3C BC 97 BF 9A 49 1C 1C 59 17 76 B5 95 A5 11 D3 56 95 55 49 CC B9 25 13 7D AD 5F A7 D5 77 DD 45 D7 77 55 17 6F 64 0F 86 36 DA 57 2D 91 7A 16 C9 4C 8B D4 46 F5 2A 22 D4 8D 49 76 4E A4 1B 6C CE 01 00 98 00 3B 4B EA FA E6 E6 E6 F2 72 E6 32 67 9D 73 C3 1B CE 6E 1C DE B4 56 59 37 B4 CE 2F 7B 9B B9 A5 FC B7 18 2B 99 C5 E4 4D 19 17 EA FE D1 B7 AE 19 9B 58 94 41 24 14 22 FB C1 36 95 91 A3 56 C4 45 11 5F 3C 0B 63 7F 5C 8A FF 40 0A 09 C6 1D 46 3F 32 A9 2F 46 63 17 DA AB 22 E7 22 8D 88 79 9C 8C F3 85 74 F1 30 1C CF 4E 8E EF 3E C8 67 CF 5C 90 F1 20 E4 26 E7 5E 9A E5 B7 52 6F C8 76 5C 19 95 4B 68 C8 89 67 E0 20 A4 3C F7 6D 1B B2 24 A7 B4 79 D6 EE F1 C2 0A 5F 3F 00 4B 8B 8B C3 E5 E1 C7 EE 86 B5 D6 DB 89 DD BF B9 E1 AF AB EF BD 1D DA 6C 79 E2 37 94 9A F8 10 FF 3F 73 79 6C 8E C3 92 BC 95 B8 74 A7 92 7F 1E 1A 29 8A B1 3B AD D2 A2 DA 75 71 EE 64 9C C8 D9 6C 7A 1A 5F 3C CA DA 9D 6B 3E 3A 3F 8B 5E 24 9D 1D A7 F9 8E 1F 85 60 CB 73 77 5C CA B9 54 E2 E5 1B 2F 26 C9 F6 F2 69 1A C6 2B 27 49 F5 24 39 30 6F 27 99 93 87 03 E3 ED 20 77 B3 CF 4C E2 0D 77 43 C1 86 1C 74 DD 83 F0 09 0D B3 3C 75 7F 5D 6A 07 BE B0 CE B6 79 B8 D5 AA FC F7 15 F6 57 28 8F 00 02 58 AE 03 2B 84 83 06 F6 2B 31 59 97 F4 37 52 CE 4F 78 81 86 9F B2 BA 3A 03 C3 B7 0F 3E 46 60 9B 2D 86 C2 65 32 1A EC 9C B4 D9 9F 58 9D C2 DA 78 49 EC E7 12 13 33 C9 11 6A 12 0B 39 4D 2F 86 C6 07 B4 DC F2 8D 51 69 F2 5D 69 2B 69 46 57 73 D3 14 D8 CD F7 A3 90 A2 AA AC 41 E9 89 3D EE 94 68 C5 22 0E 3F 11 45 03 C4 82 5E 88 58 5B 92 E2 54 C4 8B 1D 3A 55 EC FB D6 AB 2F F2 ED 6B 59 D9 76 D4 9B AC AB 39 9B 59 56 1B BA D6 87 C2 EB 7F 78 BB 45 C3 82 00 EC B0 33 60 87 9B 55 B4 55 2B 71 69 14 17 46 A9 29 0A 91 7A 64 0A 3B 2A 45 5A BF 64 4E 77 C2 68 DC EB BD 5B D7 B5 DB 91 57 47 85 48 3D 2B CA 26 51 4A 6D 28 A5 2E 5F 2C EF 55 DD 6E 17 AD FE 61 BA 0F 0D 1D B6 E6 B8 0D 00 80 82 C6 1D 0D 8D 55 AB 3E 22 49 92 24 48 92 24 49 90 24 49 92 3F 6D 35 D0 D0 68 B0 8D 6D AC 61 1B DB F8 62 0E 92 B4 78 08 00 00 00 00 00 80 3F C5 2C 08 2E 15 97 64 EB 73 EC F0 EF 21 3B 94 91 54 B6 69 24 C6 26 89 2E 13 11 49 5D 90 17 26 4A 63 9C E4 46 16 6C AF D7 7B AF AE 0B D3 4A 5B 4B 7D 56 57 7E 34 55 4A 29 A5 94 BA 52 46 74 BB DD EE 21 10 3D A0 F1 95 BD A3 15 00 05 A8 8B D0 6A 6B 0D 1A 4A 81 24 49 92 24 49 92 24 B7 AE 92 24 49 D2 6E 42 43 43 E3 2E 34 D6 B0 0D 8D C6 5E 79 49 92 00 00 00 00 00 00 00 F0 C6 A1 79 67 31 6D 84 32 07 02 4B E9 D5 D5 C8 66 0B 86 DA 7B FF F7 AF EF DF BF 7A FE FD FB D7 D7 F7 EF DE BB FE 5F 4E 49 2B FB 73 6B 1A 1A 06 8D 0D 0D 0D 0D 0C FC 09 24 92 49 A0 D7 92 49 24 7B C9 24 92 4D 7E D4 1D 0D 0D 68 4D C0 01 40 7D E8 73 D3 DE 87 35 73 CB 8F F9 C3 BB 76 ED D1 2C BC A9 4A 53 94 A5 4A AF BD CF 22 74 E4 58 F8 DD D3 AE BA BD 7A 2F A7 77 C2 CE 6E 79 36 91 38 91 8F E4 93 2D 6D 94 8D AF 91 A1 34 6C D7 B8 A2 A8 23 B0 EB D8 76 1D 40 0A C0 02 1F 48 B8 0A 36 2A A8 E6 10 F8 2E 0C D5 47 4C AA 3B 52 1B CA 76 B5 31 82 F3 AB C6 DC A9 26 47 02 88 F3 00 00 51 00 0C 49 03 27 64 0C 81 21 23 60 50 6F 9F 82 15 DA 69 2E B5 C7 C2 46 3B 35 9E 71 1D 3E 31 BE 9F C5 38 E5 E7 AA A2 75 45 01 35 79 AD F7 38 57 4B F5 F5 54 3B 1E 4E 0C CA 80 6B 01 73 54 AC 36 4E 66 8F 3D 7F 16 DE 0E FA 85 92 2F F4 9D 05 68 3C D4 31 5C 33 0E 4C B7 41 32 64 1C 91 40 13 FA 18 28 CE 8D E2 D1 90 87 2E 44 C3 31 71 2D 15 F0 BC E2 29 5F F7 F5 B4 A0 A6 2F C1 00 4F 9A 83 4C 22 45 A0 73 DD 5B 8E A7 5D 18 07 7C 92 8B 05 1F 61 C8 B2 A0 E6 3D 74 2B 53 13 4D 44 BF D2 7A A6 50 0F 9B 0B 03 31 85 5C E8 A9 40 34 CA AB 9B E5 55 88 A5 F3 FA F5 83 9C 78 D5 E3 9E 73 17 37 55 8E A0 A9 0D 9D 24 E2 A3 46 AE 77 03 CB 51 D0 7C 8E 1B D6 40 FA 9A 05 14 3C 0D A4 2F 94 24 42 53 69 FE 65 A4 29 7D 0A 22 CE 69 92 84 84 0E 38 34 00 80 E4 58 00 5A EE 62 31 8D 3D 71 A2 2E 38 0C D0 E8 7B 61 1D B0 9B 22 B1 69 CF 0C 1E CC 36 CC 8C 18 CA 41 CD BC 30 FE 1E E2 52 C9 DA FD F6 6C 4F C7 55 BE 5D 7D E4 2E 3A 1C C3 74 DB 8D 85 16 46 06 EB 5D F9 C2 A9 38 FE F7 2F 37 BF 25 7C 7A 96 4B 82 2B E2 D9 F5 6B F9 5E 42 D9 02 09 FA 7D 27 DC 4A 8B 45 83 AC F0 47 A2 6A C7 82 D2 E1 A8 A5 30 CD CF 54 98 CC 8D EA 3A EB A9 BB 87 E0 29 13 0E B3 FB 19 FF 52 06 BB 1F EB CB 45 23 FB 17 6F F4 F1 E9 59 FB 27 E6 9D 14 16 AB FD D3 1A E9 4F B9 EA 24 0E 00 BC 69 A4 21 23 88 B8 96 AD DD CF 32 F0 00 01 BD EF 6E 96 78 1B AA 48 3A 85 54 32 03 27 84 4D B9 95 9B 64 FB B5 F8 FB 7E B0 45 A7 0B 69 BA 74 6E 5B F8 70 FA 37 1D 1D 60 3D 7B 7E BB 7C AA A6 70 85 7D A4 AF EC C4 FA EE 3A C8 B1 4A B2 96 60 A9 60 58 77 4C F2 B2 EC 35 33 17 C7 1B D6 09 09 DE A9 BF 56 B0 56 C6 40 08 28 01 29 48 42 00 80 80 8C CC 32 4B 49 F2 49 F7 4B AF 28 80 9D 1E 93 E9 4D A2 D4 57 C0 84 90 94 00 00 31 00 79 3D CC 43 45 21 BD 1D 76 FA D7 5F DF D1 4D CF 6F 3E 3A 17 5F B4 3B 9E 73 AE C3 D8 EB 38 B9 6D D9 AC 6E 95 69 D2 3C E1 DE BA 6A B1 82 20 91 8C 52 45 5F 4A 48 2A 3D B0 B6 9B 93 F6 C3 FA 3D CD EF 3E F5 4B CF 70 0E 3E 5B 2E CB 4F ED 79 FB 26 DC AB EC 50 AD BB 84 BD 74 17 A1 C1 9E 94 5A 00 10 10 85 73 B0 30 D6 76 35 93 19 64 E2 1C 8C B4 B7 9F 2F 6D B1 EA 4F D4 75 EB E7 CD CB E9 EB 97 6A 7A 91 97 E2 27 6F D7 7F 7C EE 7D ED 49 20 15 57 B9 26 00 3B 25 44 2E 67 5D 19 63 8C A3 F7 48 35 27 93 1F 97 A9 BA 4F F2 21 83 E9 D8 1D 00 00 00 00 00 00 00 16 00 B2 94 00 92 A5 E6 48 EB 9A 31 34 AE 01 9B D8 9E 3F EC 97 B1 5B D4 76 DE 92 73 7F 38 D9 00 00 00 00 00 00 00 CB 02 C0 75 3A BD 02 0B FE FF AE A0 05 80 00 00 00 00 00 00 1D 03 FD FC 96 92 D9 3A 63 AC 64 CC 08 A7 3E A7 86 34 34 EB 55 89 91 54 98 00 03 11 01 02 30 10 20 32 93 AB 0E 14 0B 85 3A 31 10 28 2B 93 73 A4 C1 A0 AA 14 A5 9C CC CC B2 90 69 98 16 1E 96 43 60 EE B1 A8 D9 38 04 A5 E1 A2 60 15 B8 A2 88 FC 8F D9 42 01 43 B0 43 83 C4 8F FC CE 15 16 31 6C 00 F5 4B 32 B4 8B 57 FF 3C 60 0C 18 01 8F D4 03 00 97 35 80 00 D3 A4 5B 60 01 40 00 82 03 17 73 99 82 4E 60 0A 61 3D CD F1 14 4D D2 62 1D 38 22 22 2C 08 A2 10 43 12 C4 22 24 6A 2E FB 1C E1 85 6B 38 3E 5A 3E 21 18 5B 31 08 8D F3 0A 2A 01 F7 09 D8 8F 72 07 6A 4D E0 30 68 C4 10 61 06 52 C1 A1 3F D0 59 34 94 A6 CE 33 00 28 23 90 11 11 01 C6 B2 5B C9 C6 5C 90 14 0A 54 95 02 7E 91 AF 59 5D 0F EB 0E 30 81 72 04 A2 07 10 48 39 04 45 E9 1E 24 AE 4A A8 14 01 22 E0 B8 C7 EE EE F1 D0 C0 65 17 10 23 64 15 00 08 80 2B 20 78 61 C0 82 1D D4 C2 27 69 97 81 12 AF 0E BD D3 06 0A B5 22 22 5E 5D C5 E8 86 3B 24 FA 29 27 F9 20 C0 1B 48 76 84 99 68 A8 5E 92 00 1B B9 3B 80 40 05 80 0F 7A 2C 62 23 E8 F1 FC 6F F0 90 CE 8D E3 18 53 24 EC F9 1B FC 08 14 11 F8 72 9E 6F 4F 1C D4 86 E2 0F 82 85 05 0F E5 43 44 13 1A D1 E9 E2 02 88 05 F8 60 8C 99 B1 5C B1 88 50 08 40 C3 B0 49 67 7C 0A 1A C2 22 82 46 84 2E EA 46 CB B0 54 67 60 DD 94 CE 3F B4 CA 0C CF F0 8C 92 90 19 C1 80 44 24 08 5A 22 00 CC DE 1C DC 12 11 D2 0D 21 13 F7 EE 33 40 8F C8 32 D0 32 40 5E 12 4C 70 17 0E 08 11 A6 B0 04 92 D1 33 40 1C 5E 40 0F 40 00 00 AA 00 0E 02 44 62